Sýra	Kod	Nota53	NotaAE	Koma53	KomaAE	Pay	Payda	Ms	LNS	Bas	Soz1	Offset
1	9	La4	A4	305	305	1	4	789	95	96	Saz	0.2222222
2	9	Mi5	E5	336	336	1	8	395	95	96	lar 	0.3333333
3	9	Re5	D5	327	327	1	16	197	95	96		0.3888889
4	9	Do5#4	C5#4	322	322	1	16	197	95	96		0.4444444
5	9	Do5#4	C5#4	322	322	1	16	197	95	96	ça	0.5
6	9	Si4b4	B4b4	310	310	1	16	197	95	96		0.5555556
7	9	Si4b4	B4b4	310	310	1	16	197	95	96	lý	0.6111111
8	9	La4	A4	305	305	1	16	197	95	96		0.6666667
9	9	La4	A4	305	305	3	8	1184	95	96	nýr 	1
10	53			0	0	0	0	0	0	0		1
11	9	Sol4	G4	296	296	1	4	789	95	96	Çam	1.222222
12	9	La4	A4	305	305	1	8	395	95	96	lý	1.333333
13	9	Si4b4	B4b4	310	310	1	8	395	95	96	ca	1.444444
14	9	Re5	D5	327	327	1	2	1579	95	96	nýn 	1.888889
15	9			-1	-1	1	8	395	100	0		2
16	53			0	0	0	0	0	0	0		2
17	9	Mi5	E5	336	336	1	4	789	95	96	bah	2.222222
18	9	Fa5#4	F5#4	344	344	1	8	395	95	96	çe	2.333333
19	9	Sol5	G5	349	349	1	8	395	95	96	le	2.444444
20	9	La5	A5	358	358	1	8	395	95	96	rin	2.555556
21	9	Sol5	G5	349	349	1	8	395	95	96		2.666667
22	9	Fa5#4	F5#4	344	344	1	8	395	95	96		2.777778
23	9	Mi5	E5	336	336	1	8	395	95	96		2.888889
24	9	Re5	D5	327	327	1	8	395	95	96		3
25	9	Re5	D5	327	327	3	16	592	95	96	de  	3.166667
26	53			0	0	0	0	0	0	0		3.166667
27	9	Mi5	E5	336	336	1	16	197	95	96		3.222222
28	9	Fa5#4	F5#4	344	344	1	8	395	95	96		3.333333
29	9	Sol5	G5	349	349	1	8	395	95	96		3.444444
30	9	La5	A5	358	358	1	8	395	95	96		3.555556
31	9	Si5	B5	367	367	1	16	197	95	96		3.611111
32	9	La5	A5	358	358	1	16	197	95	96		3.666667
33	9	La5	A5	358	358	1	4	789	95	96		3.888889
34	9			-1	-1	1	8	395	100	0		4
35	53			0	0	0	0	0	0	0		4
36	9	Sol5	G5	349	349	1	8	395	95	96	bah	4.111111
37	9	Fa5	F5	340	340	1	8	395	95	96	çe	4.222222
38	9	Mi5	E5	336	336	1	8	395	95	96	le	4.333333
39	9	La5	A5	358	358	1	8	395	95	96	rin	4.444445
40	9	Sol5	G5	349	349	1	8	395	95	96		4.555555
41	9	Fa5	F5	340	340	1	8	395	95	96		4.666667
42	9	Mi5	E5	336	336	1	8	395	95	96		4.777778
43	9	Mi5	E5	336	336	1	16	197	95	96		4.833333
44	9	Re5	D5	327	327	1	16	197	95	96		4.888889
45	9	Re5	D5	327	327	1	16	197	95	96		4.944445
46	9	Do5#4	C5#4	322	322	1	16	197	95	96		5
47	9	Re5	D5	327	327	1	2	1579	95	96	de  	5.444445
48	53			0	0	0	0	0	0	0		5.444445
49	9	Re5	D5	327	327	1	16	197	95	96	SAZ	5.5
50	9	Do5#4	C5#4	322	322	1	16	197	95	96	.	5.555555
51	9	Re5	D5	327	327	1	16	197	95	96	.	5.611111
52	9	Fa5	F5	340	340	1	16	197	95	96	.	5.666667
53	9	Mi5	E5	336	336	1	16	197	95	96	.	5.722222
54	9	Re5	D5	327	327	1	16	197	95	96	.	5.777778
55	9	Do5#4	C5#4	322	322	1	16	197	95	96	.	5.833333
56	9	Si4b4	B4b4	310	310	1	16	197	95	96	.	5.888889
57	9	La4	A4	305	305	1	16	197	95	96	.	5.944445
58	9	Sol4	G4	296	296	1	16	197	95	96	.	6
59	9	La4	A4	305	305	1	16	197	95	96	.	6.055555
60	9	Si4b4	B4b4	310	310	1	16	197	95	96	.	6.111111
61	9	Do5#4	C5#4	322	322	1	16	197	95	96	.	6.166667
62	9	Re5	D5	327	327	1	16	197	95	96	.	6.222222
63	9	Mi5	E5	336	336	1	16	197	95	96	.	6.277778
64	9	Fa5	F5	340	340	1	16	197	95	96	.	6.333333
65	9	Sol5	G5	349	349	1	16	197	95	96	.	6.388889
66	9	La5	A5	358	358	1	16	197	95	96	.	6.444445
67	9	Sol5	G5	349	349	1	16	197	95	96	.	6.5
68	9	Fa5	F5	340	340	1	16	197	95	96	.	6.555555
69	9	Mi5	E5	336	336	1	16	197	95	96	.	6.611111
70	9	Sol5	G5	349	349	1	16	197	95	96	.	6.666667
71	9	Fa5	F5	340	340	1	16	197	95	96	.	6.722222
72	9	Mi5	E5	336	336	1	16	197	95	96	.	6.777778
73	9	Re5	D5	327	327	1	16	197	95	96	.	6.833333
74	9	Fa5	F5	340	340	1	16	197	95	96	.	6.888889
75	9	Mi5	E5	336	336	1	16	197	95	96	.	6.944445
76	9	Re5	D5	327	327	1	16	197	95	96	.	7
77	9	Do5#4	C5#4	322	322	1	16	197	95	96	.	7.055555
78	9	Re5	D5	327	327	1	16	197	95	96	.	7.111111
79	9	Mi5	E5	336	336	1	16	197	95	96	.	7.166667
80	9	Fa5	F5	340	340	1	16	197	95	96	.	7.222222
81	9	Sol5	G5	349	349	1	16	197	95	96	.	7.277778
82	9	La5	A5	358	358	1	16	197	95	96	.	7.333333
83	9	Fa5	F5	340	340	1	16	197	95	96	.	7.388889
84	9	Mi5	E5	336	336	1	16	197	95	96	.	7.444445
85	9	Fa5	F5	340	340	1	16	197	95	96	.	7.5
86	9	Sol5	G5	349	349	1	16	197	95	96	.	7.555555
87	9	Mi5	E5	336	336	1	16	197	95	96	.	7.611111
88	9	Re5	D5	327	327	1	16	197	95	96	.	7.666667
89	9	Mi5	E5	336	336	1	16	197	95	96	.	7.722222
90	9	Fa5	F5	340	340	1	16	197	95	96	.	7.777778
91	9	Mi5	E5	336	336	1	16	197	95	96	.	7.833333
92	9	Re5	D5	327	327	1	16	197	95	96	.	7.888889
93	9	Do5#4	C5#4	322	322	1	16	197	95	96	.	7.944445
94	9	Si4b4	B4b4	310	310	1	16	197	95	96	.	8
95	9	La4	A4	305	305	3	16	592	95	96	.	8.166667
96	53			0	0	0	0	0	0	0		8.166667
97	9	La5	A5	358	358	1	16	197	95	96	.	8.222222
98	9	Sol5	G5	349	349	1	16	197	95	96	.	8.277778
99	9	Fa5	F5	340	340	1	16	197	95	96	.	8.333333
100	9	Mi5	E5	336	336	1	16	197	95	96	.	8.388889
101	9	Re5	D5	327	327	1	16	197	95	96	.	8.444445
102	9	Do5#4	C5#4	322	322	1	16	197	95	96	.	8.5
103	9	Si4b4	B4b4	310	310	1	16	197	95	96	.	8.555555
104	9	Si4b4	B4b4	310	310	1	16	197	95	96	.	8.611111
105	9	La4	A4	305	305	1	16	197	95	96	.	8.666667
106	9	La4	A4	305	305	3	8	1184	95	96	.	9
107	9	La4	A4	305	305	1	4	789	95	96	Saz	9.222222
108	9	Mi5	E5	336	336	1	8	395	95	96	lar 	9.333333
109	9	Re5	D5	327	327	1	16	197	95	96		9.388889
110	9	Do5#4	C5#4	322	322	1	16	197	95	96		9.444445
111	9	Do5#4	C5#4	322	322	1	16	197	95	96	ça	9.5
112	9	Si4b4	B4b4	310	310	1	16	197	95	96		9.555555
113	9	Si4b4	B4b4	310	310	1	16	197	95	96	lý	9.611111
114	9	La4	A4	305	305	1	16	197	95	96		9.666667
115	9	La4	A4	305	305	3	8	1184	95	96	nýr 	10
116	53			0	0	0	0	0	0	0		10
117	9	Sol4	G4	296	296	1	4	789	95	96	Çam	10.22222
118	9	La4	A4	305	305	1	8	395	95	96	lý	10.33333
119	9	Si4b4	B4b4	310	310	1	8	395	95	96	ca	10.44444
120	9	Re5	D5	327	327	1	2	1579	95	96	nýn 	10.88889
121	9			-1	-1	1	8	395	100	0		11
122	53			0	0	0	0	0	0	0		11
123	9	Mi5	E5	336	336	1	4	789	95	96	bah	11.22222
124	9	Fa5#4	F5#4	344	344	1	8	395	95	96	çe	11.33333
125	9	Sol5	G5	349	349	1	8	395	95	96	le	11.44444
126	9	La5	A5	358	358	1	8	395	95	96	rin	11.55556
127	9	Sol5	G5	349	349	1	8	395	95	96		11.66667
128	9	Fa5#4	F5#4	344	344	1	8	395	95	96		11.77778
129	9	Mi5	E5	336	336	1	8	395	95	96		11.88889
130	9	Re5	D5	327	327	1	8	395	95	96		12
131	9	Re5	D5	327	327	3	16	592	95	96	de  	12.16667
132	53			0	0	0	0	0	0	0		12.16667
133	9	Mi5	E5	336	336	1	16	197	95	96		12.22222
134	9	Fa5#4	F5#4	344	344	1	8	395	95	96		12.33333
135	9	Sol5	G5	349	349	1	8	395	95	96		12.44444
136	9	La5	A5	358	358	1	8	395	95	96		12.55556
137	9	Si5	B5	367	367	1	16	197	95	96		12.61111
138	9	La5	A5	358	358	1	16	197	95	96		12.66667
139	9	La5	A5	358	358	1	4	789	95	96		12.88889
140	9			-1	-1	1	8	395	100	0		13
141	53			0	0	0	0	0	0	0		13
142	9	Sol5	G5	349	349	1	8	395	95	96	bah	13.11111
143	9	Fa5	F5	340	340	1	8	395	95	96	çe	13.22222
144	9	Mi5	E5	336	336	1	8	395	95	96	le	13.33333
145	9	La5	A5	358	358	1	8	395	95	96	rin	13.44444
146	9	Sol5	G5	349	349	1	8	395	95	96		13.55556
147	9	Fa5	F5	340	340	1	8	395	95	96		13.66667
148	9	Mi5	E5	336	336	1	8	395	95	96		13.77778
149	9	Mi5	E5	336	336	1	16	197	95	96		13.83333
150	9	Re5	D5	327	327	1	16	197	95	96		13.88889
151	9	Re5	D5	327	327	1	16	197	95	96		13.94444
152	9	Do5#4	C5#4	322	322	1	16	197	95	96		14
153	9	Re5	D5	327	327	1	2	1579	95	96	de  	14.44444
154	53			0	0	0	0	0	0	0		14.44444
155	9	Re5	D5	327	327	1	16	197	95	96	SAZ	14.5
156	9	Do5#4	C5#4	322	322	1	16	197	95	96	.	14.55556
157	9	Re5	D5	327	327	1	16	197	95	96	.	14.61111
158	9	Fa5	F5	340	340	1	16	197	95	96	.	14.66667
159	9	Mi5	E5	336	336	1	16	197	95	96	.	14.72222
160	9	Re5	D5	327	327	1	16	197	95	96	.	14.77778
161	9	Do5#4	C5#4	322	322	1	16	197	95	96	.	14.83333
162	9	Si4b4	B4b4	310	310	1	16	197	95	96	.	14.88889
163	9	La4	A4	305	305	1	16	197	95	96	.	14.94444
164	9	Sol4	G4	296	296	1	16	197	95	96	.	15
165	9	La4	A4	305	305	1	16	197	95	96	.	15.05556
166	9	Si4b4	B4b4	310	310	1	16	197	95	96	.	15.11111
167	9	Do5#4	C5#4	322	322	1	16	197	95	96	.	15.16667
168	9	Re5	D5	327	327	1	16	197	95	96	.	15.22222
169	9	Mi5	E5	336	336	1	16	197	95	96	.	15.27778
170	9	Fa5	F5	340	340	1	16	197	95	96	.	15.33333
171	9	Sol5	G5	349	349	1	16	197	95	96	.	15.38889
172	9	La5	A5	358	358	1	16	197	95	96	.	15.44444
173	9	Sol5	G5	349	349	1	16	197	95	96	.	15.5
174	9	Fa5	F5	340	340	1	16	197	95	96	.	15.55556
175	9	Mi5	E5	336	336	1	16	197	95	96	.	15.61111
176	9	Sol5	G5	349	349	1	16	197	95	96	.	15.66667
177	9	Fa5	F5	340	340	1	16	197	95	96	.	15.72222
178	9	Mi5	E5	336	336	1	16	197	95	96	.	15.77778
179	9	Re5	D5	327	327	1	16	197	95	96	.	15.83333
180	9	Fa5	F5	340	340	1	16	197	95	96	.	15.88889
181	9	Mi5	E5	336	336	1	16	197	95	96	.	15.94444
182	9	Re5	D5	327	327	1	16	197	95	96	.	16
183	9	Do5#4	C5#4	322	322	1	16	197	95	96	.	16.05556
184	9	Re5	D5	327	327	1	16	197	95	96	.	16.11111
185	9	Mi5	E5	336	336	1	16	197	95	96	.	16.16667
186	9	Fa5	F5	340	340	1	16	197	95	96	.	16.22222
187	9	Sol5	G5	349	349	1	16	197	95	96	.	16.27778
188	9	La5	A5	358	358	1	16	197	95	96	.	16.33333
189	9	Fa5	F5	340	340	1	16	197	95	96	.	16.38889
190	9	Mi5	E5	336	336	1	16	197	95	96	.	16.44444
191	9	Fa5	F5	340	340	1	16	197	95	96	.	16.5
192	9	Sol5	G5	349	349	1	16	197	95	96	.	16.55556
193	9	Mi5	E5	336	336	1	16	197	95	96	.	16.61111
194	9	Re5	D5	327	327	1	16	197	95	96	.	16.66667
195	9	Mi5	E5	336	336	1	16	197	95	96	.	16.72222
196	9	Fa5	F5	340	340	1	16	197	95	96	.	16.77778
197	9	Mi5	E5	336	336	1	16	197	95	96	.	16.83333
198	9	Re5	D5	327	327	1	16	197	95	96	.	16.88889
199	9	Do5#4	C5#4	322	322	1	16	197	95	96	.	16.94444
200	9	Mi5	E5	336	336	1	16	197	95	96	.	17
201	9	Re5	D5	327	327	1	8	395	95	96	.	17.11111
202	53			0	0	0	0	0	0	0		17.11111
203	9	La5	A5	358	358	1	16	197	95	96	.	17.16667
204	9	Sol5	G5	349	349	1	16	197	95	96	.	17.22222
205	9	Sol5	G5	349	349	1	16	197	95	96	.	17.27778
206	9	Fa5	F5	340	340	1	16	197	95	96	.	17.33333
207	9	Fa5	F5	340	340	1	16	197	95	96	.	17.38889
208	9	Mi5	E5	336	336	1	16	197	95	96	.	17.44444
209	9	Mi5	E5	336	336	1	16	197	95	96	.	17.5
210	9	Re5	D5	327	327	1	16	197	95	96	.	17.55556
211	9	Re5	D5	327	327	1	16	197	95	96	.	17.61111
212	9	Do5#4	C5#4	322	322	1	16	197	95	96	.	17.66667
213	9	Re5	D5	327	327	3	8	1184	95	96	.	18
214	9	Fa5#4	F5#4	344	344	1	4	789	95	96	Bül	18.22222
215	9	Sol5	G5	349	349	3	16	592	95	96	bül 	18.38889
216	9	Fa5#4	F5#4	344	344	1	16	197	95	96	se	18.44444
217	9	Mi5	E5	336	336	1	8	395	95	96	si 	18.55556
218	9	Fa5#4	F5#4	344	344	1	8	395	95	96	var 	18.66667
219	9	Sol5	G5	349	349	1	4	789	95	96		18.88889
220	9	Fa5#4	F5#4	344	344	1	8	395	95	96		19
221	53			0	0	0	0	0	0	0		19
222	9	La5	A5	358	358	3	16	592	95	96	þar	19.16667
223	9	Sol5	G5	349	349	1	16	197	95	96		19.22222
224	9	Fa5	F5	340	340	1	8	395	95	96	ký	19.33333
225	9	Mi5	E5	336	336	1	8	395	95	96	la	19.44444
226	9	Mi5	E5	336	336	1	16	197	95	96	rýn 	19.5
227	9	Re5	D5	327	327	1	16	197	95	96		19.55556
228	9	Re5	D5	327	327	1	16	197	95	96		19.61111
229	9	Do5#4	C5#4	322	322	1	16	197	95	96		19.66667
230	9	Re5	D5	327	327	1	4	789	95	96		19.88889
231	9			-1	-1	1	8	395	100	0		20
232	53			0	0	0	0	0	0	0		20
233	9	Re5	D5	327	327	1	4	789	95	96	nað	20.22222
234	9	Mi5	E5	336	336	1	8	395	95	96	me	20.33333
235	9	Fa5	F5	340	340	1	8	395	95	96	le	20.44444
236	9	Mi5	E5	336	336	1	8	395	95	96	rin	20.55556
237	9	Re5	D5	327	327	1	8	395	95	96		20.66667
238	9	Do5#4	C5#4	322	322	1	8	395	95	96		20.77778
239	9	Si4b4	B4b4	310	310	1	8	395	95	96		20.88889
240	9	La4	A4	305	305	1	8	395	95	96		21
241	53			0	0	0	0	0	0	0		21
242	9	La4	A4	305	305	1	4	789	95	96	de  	21.22222
243	9	Do5#4	C5#4	322	322	1	16	197	95	96		21.27778
244	9	Si4b4	B4b4	310	310	1	16	197	95	96		21.33333
245	9	Do5#4	C5#4	322	322	1	8	395	95	96		21.44444
246	9	Mi5	E5	336	336	1	16	197	95	96		21.5
247	9	Re5	D5	327	327	1	16	197	95	96		21.55556
248	9	Mi5	E5	336	336	1	8	395	95	96		21.66667
249	9	La5	A5	358	358	1	4	789	95	96		21.88889
250	9			-1	-1	1	8	395	100	0		22
251	53			0	0	0	0	0	0	0		22
252	9	Sol5	G5	349	349	1	8	395	95	96	nað	22.11111
253	9	Fa5	F5	340	340	1	8	395	95	96		22.22222
254	9	Mi5	E5	336	336	1	8	395	95	96	me	22.33333
255	9	Re5	D5	327	327	1	8	395	95	96	le	22.44444
256	9	Re5	D5	327	327	1	8	395	95	96	rin	22.55556
257	9	Mi5	E5	336	336	1	8	395	95	96		22.66667
258	9	Do5#4	C5#4	322	322	1	8	395	95	96		22.77778
259	9	Si4b4	B4b4	310	310	1	8	395	95	96		22.88889
260	9	Si4b4	B4b4	310	310	1	16	197	95	96		22.94444
261	9	La4	A4	305	305	1	16	197	95	96		23
262	9	La4	A4	305	305	1	2	1579	95	96	de  	23.44444
263	53			0	0	0	0	0	0	0		23.44444
264	9	Re5	D5	327	327	1	16	197	95	96	SAZ	23.5
265	9	Do5#4	C5#4	322	322	1	16	197	95	96	.	23.55556
266	9	Re5	D5	327	327	1	16	197	95	96	.	23.61111
267	9	Fa5	F5	340	340	1	16	197	95	96	.	23.66667
268	9	Mi5	E5	336	336	1	16	197	95	96	.	23.72222
269	9	Re5	D5	327	327	1	16	197	95	96	.	23.77778
270	9	Do5#4	C5#4	322	322	1	16	197	95	96	.	23.83333
271	9	Si4b4	B4b4	310	310	1	16	197	95	96	.	23.88889
272	9	La4	A4	305	305	1	16	197	95	96	.	23.94444
273	9	Sol4	G4	296	296	1	16	197	95	96	.	24
274	9	La4	A4	305	305	1	16	197	95	96	.	24.05556
275	9	Si4b4	B4b4	310	310	1	16	197	95	96	.	24.11111
276	9	Do5#4	C5#4	322	322	1	16	197	95	96	.	24.16667
277	9	Re5	D5	327	327	1	16	197	95	96	.	24.22222
278	9	Mi5	E5	336	336	1	16	197	95	96	.	24.27778
279	9	Fa5	F5	340	340	1	16	197	95	96	.	24.33333
280	9	Sol5	G5	349	349	1	16	197	95	96	.	24.38889
281	9	La5	A5	358	358	1	16	197	95	96	.	24.44444
282	9	Sol5	G5	349	349	1	16	197	95	96	.	24.5
283	9	Fa5#4	F5#4	344	344	1	16	197	95	96	.	24.55556
284	9	Mi5	E5	336	336	1	16	197	95	96	.	24.61111
285	9	Sol5	G5	349	349	1	16	197	95	96	.	24.66667
286	9	Fa5	F5	340	340	1	16	197	95	96	.	24.72222
287	9	Mi5	E5	336	336	1	16	197	95	96	.	24.77778
288	9	Re5	D5	327	327	1	16	197	95	96	.	24.83333
289	9	Fa5	F5	340	340	1	16	197	95	96	.	24.88889
290	9	Mi5	E5	336	336	1	16	197	95	96	.	24.94444
291	9	Re5	D5	327	327	1	16	197	95	96	.	25
292	9	Do5#4	C5#4	322	322	1	16	197	95	96	.	25.05556
293	9	Re5	D5	327	327	1	16	197	95	96	.	25.11111
294	9	Mi5	E5	336	336	1	16	197	95	96	.	25.16667
295	9	Fa5	F5	340	340	1	16	197	95	96	.	25.22222
296	9	Sol5	G5	349	349	1	16	197	95	96	.	25.27778
297	9	La5	A5	358	358	1	16	197	95	96	.	25.33333
298	9	Fa5	F5	340	340	1	16	197	95	96	.	25.38889
299	9	Mi5	E5	336	336	1	16	197	95	96	.	25.44444
300	9	Fa5	F5	340	340	1	16	197	95	96	.	25.5
301	9	Sol5	G5	349	349	1	16	197	95	96	.	25.55556
302	9	Mi5	E5	336	336	1	16	197	95	96	.	25.61111
303	9	Re5	D5	327	327	1	16	197	95	96	.	25.66667
304	9	Mi5	E5	336	336	1	16	197	95	96	.	25.72222
305	9	Fa5	F5	340	340	1	16	197	95	96	.	25.77778
306	9	Mi5	E5	336	336	1	16	197	95	96	.	25.83333
307	9	Re5	D5	327	327	1	16	197	95	96	.	25.88889
308	9	Do5#4	C5#4	322	322	1	16	197	95	96	.	25.94444
309	9	Mi5	E5	336	336	1	16	197	95	96	.	26
310	9	Re5	D5	327	327	1	8	395	95	96	.	26.11111
311	53			0	0	0	0	0	0	0		26.11111
312	9	La5	A5	358	358	1	16	197	95	96	.	26.16667
313	9	Sol5	G5	349	349	1	16	197	95	96	.	26.22222
314	9	Sol5	G5	349	349	1	16	197	95	96	.	26.27778
315	9	Fa5	F5	340	340	1	16	197	95	96	.	26.33333
316	9	Fa5	F5	340	340	1	16	197	95	96	.	26.38889
317	9	Mi5	E5	336	336	1	16	197	95	96	.	26.44444
318	9	Mi5	E5	336	336	1	16	197	95	96	.	26.5
319	9	Re5	D5	327	327	1	16	197	95	96	.	26.55556
320	9	Re5	D5	327	327	1	16	197	95	96	.	26.61111
321	9	Do5#4	C5#4	322	322	1	16	197	95	96	.	26.66667
322	9	Re5	D5	327	327	3	8	1184	95	96	.	27
323	9	Fa5#4	F5#4	344	344	1	4	789	95	96	Bül	27.22222
324	9	Sol5	G5	349	349	3	16	592	95	96	bül 	27.38889
325	9	Fa5#4	F5#4	344	344	1	16	197	95	96	se	27.44444
326	9	Mi5	E5	336	336	1	8	395	95	96	si 	27.55556
327	9	Fa5#4	F5#4	344	344	1	8	395	95	96	var 	27.66667
328	9	Sol5	G5	349	349	1	4	789	95	96		27.88889
329	9	Fa5#4	F5#4	344	344	1	8	395	95	96		28
330	53			0	0	0	0	0	0	0		28
331	9	La5	A5	358	358	3	16	592	95	96	þar	28.16667
332	9	Sol5	G5	349	349	1	16	197	95	96		28.22222
333	9	Fa5	F5	340	340	1	8	395	95	96	ký	28.33333
334	9	Mi5	E5	336	336	1	8	395	95	96	la	28.44444
335	9	Mi5	E5	336	336	1	16	197	95	96	rýn 	28.5
336	9	Re5	D5	327	327	1	16	197	95	96		28.55556
337	9	Re5	D5	327	327	1	16	197	95	96		28.61111
338	9	Do5#4	C5#4	322	322	1	16	197	95	96		28.66667
339	9	Re5	D5	327	327	1	4	789	95	96		28.88889
340	9			-1	-1	1	8	395	100	0		29
341	53			0	0	0	0	0	0	0		29
342	9	Re5	D5	327	327	1	4	789	95	96	nað	29.22222
343	9	Mi5	E5	336	336	1	8	395	95	96	me	29.33333
344	9	Fa5	F5	340	340	1	8	395	95	96	le	29.44444
345	9	Mi5	E5	336	336	1	8	395	95	96	rin	29.55556
346	9	Re5	D5	327	327	1	8	395	95	96		29.66667
347	9	Do5#4	C5#4	322	322	1	8	395	95	96		29.77778
348	9	Si4b4	B4b4	310	310	1	8	395	95	96		29.88889
349	9	La4	A4	305	305	1	8	395	95	96		30
350	53			0	0	0	0	0	0	0		30
351	9	La4	A4	305	305	1	4	789	95	96	de  	30.22222
352	9	Do5#4	C5#4	322	322	1	16	197	95	96		30.27778
353	9	Si4b4	B4b4	310	310	1	16	197	95	96		30.33333
354	9	Do5#4	C5#4	322	322	1	8	395	95	96		30.44444
355	9	Mi5	E5	336	336	1	16	197	95	96		30.5
356	9	Re5	D5	327	327	1	16	197	95	96		30.55556
357	9	Mi5	E5	336	336	1	8	395	95	96		30.66667
358	9	La5	A5	358	358	1	4	789	95	96		30.88889
359	9			-1	-1	1	8	395	100	0		31
360	53			0	0	0	0	0	0	0		31
361	9	Sol5	G5	349	349	1	8	395	95	96	nað	31.11111
362	9	Fa5	F5	340	340	1	8	395	95	96		31.22222
363	9	Mi5	E5	336	336	1	8	395	95	96	me	31.33333
364	9	Re5	D5	327	327	1	8	395	95	96	le	31.44444
365	9	Re5	D5	327	327	1	8	395	95	96	rin	31.55556
366	9	Mi5	E5	336	336	1	8	395	95	96		31.66667
367	9	Do5#4	C5#4	322	322	1	8	395	95	96		31.77778
368	9	Si4b4	B4b4	310	310	1	8	395	95	96		31.88889
369	9	Si4b4	B4b4	310	310	1	16	197	95	96		31.94444
370	9	La4	A4	305	305	1	16	197	95	96		32
371	9	La4	A4	305	305	1	2	1579	95	96	de  	32.44444
372	53			0	0	0	0	0	0	0		32.44444
373	9	Re5	D5	327	327	1	16	197	95	96	SAZ	32.5
374	9	Do5#4	C5#4	322	322	1	16	197	95	96	.	32.55556
375	9	Re5	D5	327	327	1	16	197	95	96	.	32.61111
376	9	Fa5	F5	340	340	1	16	197	95	96	.	32.66667
377	9	Mi5	E5	336	336	1	16	197	95	96	.	32.72222
378	9	Re5	D5	327	327	1	16	197	95	96	.	32.77778
379	9	Do5#4	C5#4	322	322	1	16	197	95	96	.	32.83333
380	9	Si4b4	B4b4	310	310	1	16	197	95	96	.	32.88889
381	9	La4	A4	305	305	1	16	197	95	96	.	32.94444
382	9	Sol4	G4	296	296	1	16	197	95	96	.	33
383	9	La4	A4	305	305	1	16	197	95	96	.	33.05556
384	9	Si4b4	B4b4	310	310	1	16	197	95	96	.	33.11111
385	9	Do5#4	C5#4	322	322	1	16	197	95	96	.	33.16667
386	9	Re5	D5	327	327	1	16	197	95	96	.	33.22222
387	9	Mi5	E5	336	336	1	16	197	95	96	.	33.27778
388	9	Fa5	F5	340	340	1	16	197	95	96	.	33.33333
389	9	Sol5	G5	349	349	1	16	197	95	96	.	33.38889
390	9	La5	A5	358	358	1	16	197	95	96	.	33.44444
391	9	Sol5	G5	349	349	1	16	197	95	96	.	33.5
392	9	Fa5#4	F5#4	344	344	1	16	197	95	96	.	33.55556
393	9	Mi5	E5	336	336	1	16	197	95	96	.	33.61111
394	9	Sol5	G5	349	349	1	16	197	95	96	.	33.66667
395	9	Fa5	F5	340	340	1	16	197	95	96	.	33.72222
396	9	Mi5	E5	336	336	1	16	197	95	96	.	33.77778
397	9	Re5	D5	327	327	1	16	197	95	96	.	33.83333
398	9	Fa5	F5	340	340	1	16	197	95	96	.	33.88889
399	9	Mi5	E5	336	336	1	16	197	95	96	.	33.94444
400	9	Re5	D5	327	327	1	16	197	95	96	.	34
401	9	Do5#4	C5#4	322	322	1	16	197	95	96	.	34.05556
402	9	Re5	D5	327	327	1	16	197	95	96	.	34.11111
403	9	Mi5	E5	336	336	1	16	197	95	96	.	34.16667
404	9	Fa5	F5	340	340	1	16	197	95	96	.	34.22222
405	9	Sol5	G5	349	349	1	16	197	95	96	.	34.27778
406	9	La5	A5	358	358	1	16	197	95	96	.	34.33333
407	9	Fa5	F5	340	340	1	16	197	95	96	.	34.38889
408	9	Mi5	E5	336	336	1	16	197	95	96	.	34.44444
409	9	Fa5	F5	340	340	1	16	197	95	96	.	34.5
410	9	Sol5	G5	349	349	1	16	197	95	96	.	34.55556
411	9	Mi5	E5	336	336	1	16	197	95	96	.	34.61111
412	9	Re5	D5	327	327	1	16	197	95	96	.	34.66667
413	9	Mi5	E5	336	336	1	16	197	95	96	.	34.72222
414	9	Fa5	F5	340	340	1	16	197	95	96	.	34.77778
415	9	Mi5	E5	336	336	1	16	197	95	96	.	34.83333
416	9	Re5	D5	327	327	1	16	197	95	96	.	34.88889
417	9	Do5#4	C5#4	322	322	1	16	197	95	96	.	34.94444
418	9	Si4b4	B4b4	310	310	1	16	197	95	96	.	35
419	9	La4	A4	305	305	1	16	197	95	96	.	35.05556
420	9	Si4b4	B4b4	310	310	1	16	197	95	96	.	35.11111
421	9	Do5#4	C5#4	322	322	1	16	197	95	96	.	35.16667
422	9	Re5	D5	327	327	1	16	197	95	96	.	35.22222
423	54			0	0	0	0	0	0	0	hicaz-zirgule@la5	35.22222
424	9	Mi5	E5	336	336	1	16	197	95	96	.	35.27778
425	9	Fa5	F5	340	340	1	16	197	95	96	.	35.33333
426	9	Sol5#4	G5#4	353	353	1	16	197	95	96	.	35.38889
427	9	La5	A5	358	358	1	16	197	95	96	.	35.44444
428	9	Si5b4	B5b4	363	363	1	16	197	95	96	.	35.5
429	9	La5	A5	358	358	1	16	197	95	96	.	35.55556
430	9	Sol5#4	G5#4	353	353	1	16	197	95	96	.	35.61111
431	9	Si5b4	B5b4	363	363	1	16	197	95	96	.	35.66667
432	9	La5	A5	358	358	3	8	1184	95	96	.	36
433	55			0	0	0	0	0	0	0		36
434	9	Si5b4	B5b4	363	363	3	16	592	95	96	Bin 	36.16667
435	9	La5	A5	358	358	1	16	197	95	96		36.22222
436	9	La5	A5	358	358	1	4	789	95	96	ta	36.44444
437	9	Sol5#4	G5#4	353	353	1	8	395	95	96	ze 	36.55556
438	9	La5	A5	358	358	1	8	395	95	96	e	36.66667
439	9	Si5b4	B5b4	363	363	1	4	789	95	96	mel 	36.88889
440	9	La5	A5	358	358	1	8	395	95	96		37
441	53			0	0	0	0	0	0	0		37
442	9	La5	A5	358	358	1	4	789	95	96	var 	37.22222
443	9	La5	A5	358	358	1	8	395	95	96	þu 	37.33333
444	9	Si5b4	B5b4	363	363	1	8	395	95	96	ký	37.44444
445	9	La5	A5	358	358	1	16	197	95	96	zýn 	37.5
446	9	Sol5#4	G5#4	353	353	1	16	197	95	96		37.55556
447	9	Fa5	F5	340	340	1	16	197	95	96		37.61111
448	9	Mi5	E5	336	336	1	16	197	95	96		37.66667
449	9	Fa5	F5	340	340	1	4	789	95	96		37.88889
450	9			-1	-1	1	8	395	100	0		38
451	53			0	0	0	0	0	0	0		38
452	9	Mi5	E5	336	336	1	4	789	95	96	han	38.22222
453	9	Fa5	F5	340	340	1	8	395	95	96	de	38.33333
454	9	Sol5#4	G5#4	353	353	1	8	395	95	96	le	38.44444
455	9	La5	A5	358	358	3	16	592	95	96	rin	38.61111
456	9	Sol5#4	G5#4	353	353	1	16	197	95	96		38.66667
457	9	Fa5	F5	340	340	1	8	395	95	96		38.77778
458	9	Sol5#4	G5#4	353	353	1	8	395	95	96		38.88889
459	9	La5	A5	358	358	1	8	395	95	96		39
460	9	Si5b4	B5b4	363	363	1	1	3158	95	96	de  	39.88889
461	9	La5	A5	358	358	1	24	132	95	96		39.92593
462	9	Sol5#4	G5#4	353	353	1	24	132	95	96		39.96296
463	9	La5	A5	358	358	1	24	132	95	96		40
464	53			0	0	0	0	0	0	0		40
465	9	La5	A5	358	358	1	4	789	95	96	han	40.22222
466	9	Si5b4	B5b4	363	363	1	8	395	95	96	de	40.33333
467	9	Do6#4	C6#4	375	375	1	8	395	95	96	le	40.44444
468	9	Re6	D6	380	380	1	4	789	95	96	rin	40.66667
469	9	Do6#4	C6#4	375	375	1	8	395	95	96		40.77778
470	9	Si5b4	B5b4	363	363	1	8	395	95	96		40.88889
471	9	Si5b4	B5b4	363	363	1	16	197	95	96		40.94444
472	9	La5	A5	358	358	1	16	197	95	96		41
473	9	La5	A5	358	358	3	8	1184	95	96	de  	41.33333
474	53			0	0	0	0	0	0	0		41.33333
475	9	La5	A5	358	358	1	16	197	95	96	SAZ	41.38889
476	9	si5b4	B5b4	363	363	1	16	197	95	96	.	41.44444
477	9	La5	A5	358	358	1	16	197	95	96	.	41.5
478	9	Sol5#4	G5#4	353	353	1	16	197	95	96	.	41.55556
479	9	fa5	F5	340	340	1	16	197	95	96	.	41.61111
480	9	Sol5#4	G5#4	353	353	1	16	197	95	96	.	41.66667
481	9	La5	A5	358	358	3	8	1184	95	96	.	42
482	53			0	0	0	0	0	0	0		42
483	9	Si5b4	B5b4	363	363	3	16	592	95	96	Bin 	42.16667
484	9	La5	A5	358	358	1	16	197	95	96		42.22222
485	9	La5	A5	358	358	1	4	789	95	96	ta	42.44444
486	9	Sol5#4	G5#4	353	353	1	8	395	95	96	ze 	42.55556
487	9	La5	A5	358	358	1	8	395	95	96	e	42.66667
488	9	Si5b4	B5b4	363	363	1	4	789	95	96	mel 	42.88889
489	9	La5	A5	358	358	1	8	395	95	96		43
490	53			0	0	0	0	0	0	0		43
491	9	La5	A5	358	358	1	4	789	95	96	var 	43.22222
492	9	La5	A5	358	358	1	8	395	95	96	þu 	43.33333
493	9	Si5b4	B5b4	363	363	1	8	395	95	96	ký	43.44444
494	9	La5	A5	358	358	1	16	197	95	96	zýn 	43.5
495	9	Sol5#4	G5#4	353	353	1	16	197	95	96		43.55556
496	9	Fa5	F5	340	340	1	16	197	95	96		43.61111
497	9	Mi5	E5	336	336	1	16	197	95	96		43.66667
498	9	Fa5	F5	340	340	1	4	789	95	96		43.88889
499	9			-1	-1	1	8	395	100	0		44
500	53			0	0	0	0	0	0	0		44
501	9	Mi5	E5	336	336	1	4	789	95	96	han	44.22222
502	9	Fa5#4	F5#4	344	344	1	8	395	95	96	de	44.33333
503	9	Sol5	G5	349	349	1	8	395	95	96	le	44.44444
504	9	La5	A5	358	358	1	8	395	95	96	rin	44.55556
505	9	Sol5	G5	349	349	1	8	395	95	96		44.66667
506	9	Fa5	F5	340	340	1	8	395	95	96		44.77778
507	9	Mi5	E5	336	336	1	8	395	95	96		44.88889
508	9	Re5	D5	327	327	1	8	395	95	96		45
509	9	Re5	D5	327	327	3	16	592	95	96	de  	45.16667
510	53			0	0	0	0	0	0	0		45.16667
511	9	Mi5	E5	336	336	1	16	197	95	96		45.22222
512	9	Fa5#4	F5#4	344	344	1	8	395	95	96		45.33333
513	9	Sol5	G5	349	349	1	8	395	95	96		45.44444
514	9	La5	A5	358	358	1	8	395	95	96		45.55556
515	9	Si5	B5	367	367	1	16	197	95	96		45.61111
516	9	La5	A5	358	358	1	16	197	95	96		45.66667
517	9	La5	A5	358	358	1	4	789	95	96		45.88889
518	9			-1	-1	1	8	395	100	0		46
519	53			0	0	0	0	0	0	0		46
520	9	Sol5	G5	349	349	1	8	395	95	96	han	46.11111
521	9	Fa5	F5	340	340	1	8	395	95	96		46.22222
522	9	Mi5	E5	336	336	1	8	395	95	96	de	46.33333
523	9	La5	A5	358	358	1	8	395	95	96	le	46.44444
524	9	Sol5	G5	349	349	1	8	395	95	96	rin	46.55556
525	9	Fa5	F5	340	340	1	8	395	95	96		46.66667
526	9	Mi5	E5	336	336	1	8	395	95	96		46.77778
527	9	Mi5	E5	336	336	1	16	197	95	96		46.83333
528	9	Re5	D5	327	327	1	16	197	95	96		46.88889
529	9	Re5	D5	327	327	1	16	197	95	96		46.94444
530	9	Do5#4	C5#4	322	322	1	16	197	95	96		47
531	9	Re5	D5	327	327	1	2	1579	95	96	de  	47.44444
532	53			0	0	0	0	0	0	0		47.44444
533	9	Re5	D5	327	327	1	16	197	95	96	SAZ	47.5
534	9	Do5#4	C5#4	322	322	1	16	197	95	96	.	47.55556
535	9	Re5	D5	327	327	1	16	197	95	96	.	47.61111
536	9	Fa5	F5	340	340	1	16	197	95	96	.	47.66667
537	9	Mi5	E5	336	336	1	16	197	95	96	.	47.72222
538	9	Re5	D5	327	327	1	16	197	95	96	.	47.77778
539	9	Do5#4	C5#4	322	322	1	16	197	95	96	.	47.83333
540	9	Si4b4	B4b4	310	310	1	16	197	95	96	.	47.88889
541	9	La4	A4	305	305	1	16	197	95	96	.	47.94444
542	9	Sol4	G4	296	296	1	16	197	95	96	.	48
543	9	La4	A4	305	305	1	16	197	95	96	.	48.05556
544	9	Si4b4	B4b4	310	310	1	16	197	95	96	.	48.11111
545	9	Do5#4	C5#4	322	322	1	16	197	95	96	.	48.16667
546	9	Re5	D5	327	327	1	16	197	95	96	.	48.22222
547	9	Mi5	E5	336	336	1	16	197	95	96	.	48.27778
548	9	Fa5	F5	340	340	1	16	197	95	96	.	48.33333
549	9	Sol5	G5	349	349	1	16	197	95	96	.	48.38889
550	9	La5	A5	358	358	1	16	197	95	96	.	48.44444
551	9	Sol5	G5	349	349	1	16	197	95	96	.	48.5
552	9	Fa5	F5	340	340	1	16	197	95	96	.	48.55556
553	9	Mi5	E5	336	336	1	16	197	95	96	.	48.61111
554	9	Sol5	G5	349	349	1	16	197	95	96	.	48.66667
555	9	Fa5	F5	340	340	1	16	197	95	96	.	48.72222
556	9	Mi5	E5	336	336	1	16	197	95	96	.	48.77778
557	9	Re5	D5	327	327	1	16	197	95	96	.	48.83333
558	9	Fa5	F5	340	340	1	16	197	95	96	.	48.88889
559	9	Mi5	E5	336	336	1	16	197	95	96	.	48.94444
560	9	Re5	D5	327	327	1	16	197	95	96	.	49
561	9	Do5#4	C5#4	322	322	1	16	197	95	96	.	49.05556
562	9	Re5	D5	327	327	1	16	197	95	96	.	49.11111
563	9	Mi5	E5	336	336	1	16	197	95	96	.	49.16667
564	9	Fa5	F5	340	340	1	16	197	95	96	.	49.22222
565	9	Sol5	G5	349	349	1	16	197	95	96	.	49.27778
566	9	La5	A5	358	358	1	16	197	95	96	.	49.33333
567	9	Fa5	F5	340	340	1	16	197	95	96	.	49.38889
568	9	Mi5	E5	336	336	1	16	197	95	96	.	49.44444
569	9	Fa5	F5	340	340	1	16	197	95	96	.	49.5
570	9	Sol5	G5	349	349	1	16	197	95	96	.	49.55556
571	9	Mi5	E5	336	336	1	16	197	95	96	.	49.61111
572	9	Re5	D5	327	327	1	16	197	95	96	.	49.66667
573	9	Mi5	E5	336	336	1	16	197	95	96	.	49.72222
574	9	Fa5	F5	340	340	1	16	197	95	96	.	49.77778
575	9	Mi5	E5	336	336	1	16	197	95	96	.	49.83333
576	9	Re5	D5	327	327	1	16	197	95	96	.	49.88889
577	9	Do5#4	C5#4	322	322	1	16	197	95	96	.	49.94444
578	9	Mi5	E5	336	336	1	16	197	95	96	.	50
579	9	Re5	D5	327	327	1	8	395	95	96	.	50.11111
580	53			0	0	0	0	0	0	0		50.11111
581	9	La5	A5	358	358	1	16	197	95	96	.	50.16667
582	9	Sol5	G5	349	349	1	16	197	95	96	.	50.22222
583	9	Sol5	G5	349	349	1	16	197	95	96	.	50.27778
584	9	Fa5	F5	340	340	1	16	197	95	96	.	50.33333
585	9	Fa5	F5	340	340	1	16	197	95	96	.	50.38889
586	9	Mi5	E5	336	336	1	16	197	95	96	.	50.44444
587	9	Mi5	E5	336	336	1	16	197	95	96	.	50.5
588	9	Re5	D5	327	327	1	16	197	95	96	.	50.55556
589	9	Re5	D5	327	327	1	16	197	95	96	.	50.61111
590	9	Do5#4	C5#4	322	322	1	16	197	95	96	.	50.66667
591	9	Re5	D5	327	327	3	8	1184	95	96	.	51
592	53			0	0	0	0	0	0	0		51
593	9	Fa5#4	F5#4	344	344	1	4	789	95	96	Bül	51.22222
594	9	Sol5	G5	349	349	3	16	592	95	96	bül 	51.38889
595	9	Fa5#4	F5#4	344	344	1	16	197	95	96	se	51.44444
596	9	Mi5	E5	336	336	1	8	395	95	96	si 	51.55556
597	9	Fa5#4	F5#4	344	344	1	8	395	95	96	var 	51.66667
598	9	Sol5	G5	349	349	1	4	789	95	96		51.88889
599	9	Fa5#4	F5#4	344	344	1	8	395	95	96		52
600	53			0	0	0	0	0	0	0		52
601	9	La5	A5	358	358	3	16	592	95	96	þar	52.16667
602	9	Sol5	G5	349	349	1	16	197	95	96		52.22222
603	9	Fa5	F5	340	340	1	8	395	95	96	ký	52.33333
604	9	Mi5	E5	336	336	1	8	395	95	96	la	52.44444
605	9	Mi5	E5	336	336	1	16	197	95	96	rýn 	52.5
606	9	Re5	D5	327	327	1	16	197	95	96		52.55556
607	9	Re5	D5	327	327	1	16	197	95	96		52.61111
608	9	Do5#4	C5#4	322	322	1	16	197	95	96		52.66667
609	9	Re5	D5	327	327	1	4	789	95	96		52.88889
610	9			-1	-1	1	8	395	100	0		53
611	53			0	0	0	0	0	0	0		53
612	9	Re5	D5	327	327	1	4	789	95	96	nað	53.22222
613	9	Mi5	E5	336	336	1	8	395	95	96	me	53.33333
614	9	Fa5	F5	340	340	1	8	395	95	96	le	53.44444
615	9	Mi5	E5	336	336	1	8	395	95	96	rin	53.55556
616	9	Re5	D5	327	327	1	8	395	95	96		53.66667
617	9	Do5#4	C5#4	322	322	1	8	395	95	96		53.77778
618	9	Si4b4	B4b4	310	310	1	8	395	95	96		53.88889
619	9	La4	A4	305	305	1	8	395	95	96		54
620	53			0	0	0	0	0	0	0		54
621	9	La4	A4	305	305	1	4	789	95	96	de  	54.22222
622	9	Do5#4	C5#4	322	322	1	16	197	95	96		54.27778
623	9	Si4b4	B4b4	310	310	1	16	197	95	96		54.33333
624	9	Do5#4	C5#4	322	322	1	8	395	95	96		54.44444
625	9	Mi5	E5	336	336	1	16	197	95	96		54.5
626	9	Re5	D5	327	327	1	16	197	95	96		54.55556
627	9	Mi5	E5	336	336	1	8	395	95	96		54.66667
628	9	La5	A5	358	358	1	4	789	95	96		54.88889
629	9			-1	-1	1	8	395	100	0		55
630	53			0	0	0	0	0	0	0		55
631	9	Sol5	G5	349	349	1	8	395	95	96	nað	55.11111
632	9	Fa5	F5	340	340	1	8	395	95	96		55.22222
633	9	Mi5	E5	336	336	1	8	395	95	96	me	55.33333
634	9	Re5	D5	327	327	1	8	395	95	96	le	55.44444
635	9	Re5	D5	327	327	1	8	395	95	96	rin	55.55556
636	9	Mi5	E5	336	336	1	8	395	95	96		55.66667
637	9	Do5#4	C5#4	322	322	1	8	395	95	96		55.77778
638	9	Si4b4	B4b4	310	310	1	8	395	95	96		55.88889
639	9	Si4b4	B4b4	310	310	1	16	197	95	96		55.94444
640	9	La4	A4	305	305	1	16	197	95	96		56
641	9	La4	A4	305	305	3	16	592	95	96	KARAR	56.16667
642	9	la5	A5	358	358	1	16	197	95	96	.	56.22222
643	9	sol5	G5	349	349	1	16	197	95	96	.	56.27778
644	9	fa5	F5	340	340	1	16	197	95	96	.	56.33333
645	9	Mi5	E5	336	336	1	16	197	95	96	.	56.38889
646	9	Re5	D5	327	327	1	16	197	95	96	.	56.44444
647	9	Do5#4	C5#4	322	322	1	16	197	95	96	.	56.5
648	9	Si4b4	B4b4	310	310	1	16	197	95	96	.	56.55556
649	9	Si4b4	B4b4	310	310	1	16	197	95	96	.	56.61111
650	9	la4	A4	305	305	1	16	197	95	96	.	56.66667
651	9	la4	A4	305	305	3	8	1184	95	96	.	57
652	53			0	0	0	0	0	0	0		57
