Sýra	Kod	Nota53	NotaAE	Koma53	KomaAE	Pay	Payda	Ms	LNS	Bas	Soz1	Offset
1	9	Re5	D5	327	327	1	4	625	95	96	Ba	0.2222222
2	55			0	0	0	0	0	0	0		0.2222222
3	54			0	0	0	0	0	0	0	ussak@mi5	0.2222222
4	9	Mi5	E5	336	336	1	4	625	95	96	ha	0.4444444
5	9	Mi5	E5	336	336	1	16	156	99	96	rýn 	0.5
6	9	Sol5	G5	349	349	1	16	156	99	96		0.5555556
7	9	Fa5#4	F5#4	344	344	1	16	156	99	96		0.6111111
8	9	Mi5	E5	336	336	1	16	156	99	96		0.6666667
9	9	Mi5	E5	336	336	3	8	938	95	96		1
10	53			0	0	0	0	0	0	0		1
11	9	Re5	D5	327	327	1	4	625	95	96	za	1.222222
12	9	La5	A5	358	358	1	4	625	95	96	ma	1.444444
13	9	Sol5	G5	349	349	1	8	312	99	96	ný 	1.555556
14	9	Fa5#4	F5#4	344	344	1	8	312	95	96		1.666667
15	9	La5	A5	358	358	1	16	156	99	96	gel	1.722222
16	9	Sol5	G5	349	349	1	16	156	99	96		1.777778
17	9	Fa5#4	F5#4	344	344	1	8	312	99	96		1.888889
18	9	Fa5#4	F5#4	344	344	1	16	156	99	96		1.944444
19	9	Mi5	E5	336	336	1	16	156	95	96		2
20	9	Mi5	E5	336	336	3	8	938	99	96	di 	2.333333
21	9	Re5	D5	327	327	1	8	312	95	96		2.444444
22	55			0	0	0	0	0	0	0		2.444444
23	53			0	0	0	0	0	0	0		2.444444
24	54			0	0	0	0	0	0	0	buselik@re5	2.444444
25	9	Mi5	E5	336	336	1	8	312	95	96	a 	2.555556
26	9	Fa5#4	F5#4	344	344	1	8	312	95	96	ca	2.666667
27	9	La5	A5	358	358	1	16	156	99	96	ným  	2.722222
28	9	Sol5	G5	349	349	1	16	156	99	96		2.777778
29	9	Fa5	F5	340	340	1	16	156	99	96		2.833333
30	9	Mi5	E5	336	336	1	16	156	99	96		2.888889
31	9	Re5	D5	327	327	1	16	156	99	96		2.944444
32	9	Do5#4	C5#4	322	322	1	16	156	99	96		3
33	9	Re5	D5	327	327	1	4	625	95	96	Ba	3.222222
34	55			0	0	0	0	0	0	0		3.222222
35	54			0	0	0	0	0	0	0	ussak@mi5	3.222222
36	9	Mi5	E5	336	336	1	4	625	95	96	ha	3.444444
37	9	Mi5	E5	336	336	1	16	156	99	96	rýn 	3.5
38	9	Sol5	G5	349	349	1	16	156	99	96		3.555556
39	9	Fa5#4	F5#4	344	344	1	16	156	99	96		3.611111
40	9	Mi5	E5	336	336	1	16	156	99	96		3.666667
41	9	Mi5	E5	336	336	3	8	938	95	96		4
42	53			0	0	0	0	0	0	0		4
43	9	Re5	D5	327	327	1	4	625	95	96	za	4.222222
44	9	La5	A5	358	358	1	4	625	95	96	ma	4.444445
45	9	Sol5	G5	349	349	1	8	312	99	96	ný 	4.555555
46	9	Fa5#4	F5#4	344	344	1	8	312	95	96		4.666667
47	9	La5	A5	358	358	1	16	156	99	96	gel	4.722222
48	9	Sol5	G5	349	349	1	16	156	99	96		4.777778
49	9	Fa5#4	F5#4	344	344	1	8	312	99	96		4.888889
50	9	Fa5#4	F5#4	344	344	1	16	156	99	96		4.944445
51	9	Mi5	E5	336	336	1	16	156	95	96		5
52	9	Mi5	E5	336	336	3	8	938	99	96	di 	5.333333
53	9	Re5	D5	327	327	1	8	312	95	96		5.444445
54	55			0	0	0	0	0	0	0		5.444445
55	53			0	0	0	0	0	0	0		5.444445
56	54			0	0	0	0	0	0	0	buselik@re5	5.444445
57	9	Mi5	E5	336	336	1	8	312	95	96	a 	5.555555
58	9	Fa5#4	F5#4	344	344	1	8	312	95	96	ca	5.666667
59	9	La5	A5	358	358	1	16	156	99	96	ným  	5.722222
60	9	Sol5	G5	349	349	1	16	156	99	96		5.777778
61	9	Fa5	F5	340	340	1	16	156	99	96		5.833333
62	9	Mi5	E5	336	336	1	16	156	99	96		5.888889
63	9	Re5	D5	327	327	1	16	156	99	96		5.944445
64	9	Do5#4	C5#4	322	322	1	16	156	99	96		6
65	9	Re5	D5	327	327	1	4	625	95	96		6.222222
66	53			0	0	0	0	0	0	0		6.222222
67	9	Mi5	E5	336	336	1	8	312	95	96	Yav	6.333333
68	9	Fa5#4	F5#4	344	344	1	8	312	95	96	ru 	6.444445
69	9	Sol5	G5	349	349	1	8	312	99	96	cey	6.555555
70	9	La5	A5	358	358	1	8	312	99	96		6.666667
71	9	Fa5	F5	340	340	1	8	312	99	96		6.777778
72	9	Mi5	E5	336	336	1	8	312	99	96		6.888889
73	9	Re5	D5	327	327	1	8	312	95	96		7
74	53			0	0	0	0	0	0	0		7
75	9	Do5#4	C5#4	322	322	1	8	312	99	96	lan 	7.111111
76	9	Si4b4	B4b4	310	310	1	16	156	99	96		7.166667
77	9	La4	A4	305	305	1	16	156	95	96		7.222222
78	9	Mi5	E5	336	336	1	8	312	99	96	gel 	7.333333
79	9	Re5	D5	327	327	1	16	156	99	96		7.388889
80	9	Do5#4	C5#4	322	322	1	16	156	95	96		7.444445
81	9	Do5#4	C5#4	322	322	1	8	312	99	96	gi	7.555555
82	9	Si4b4	B4b4	310	310	1	8	312	95	96		7.666667
83	9	Re5	D5	327	327	1	16	156	99	96	de	7.722222
84	9	Do5#4	C5#4	322	322	1	16	156	99	96		7.777778
85	9	Si4b4	B4b4	310	310	1	8	312	99	96		7.888889
86	9	Si4b4	B4b4	310	310	1	16	156	99	96		7.944445
87	9	La4	A4	305	305	1	16	156	95	96		8
88	9	La4	A4	305	305	3	8	938	95	96	lim  	8.333333
89	53			0	0	0	0	0	0	0		8.333333
90	54			0	0	0	0	0	0	0	uzzal?@mi?	8.333333
91	9	Si5	B5	367	367	1	16	156	95	96	SAZ	8.388889
92	9	Do6	C6	371	371	1	16	156	95	96	.	8.444445
93	9	Si5	B5	367	367	1	16	156	95	96	.	8.5
94	9	La5	A5	358	358	1	16	156	95	96	.	8.555555
95	9	La5	A5	358	358	1	16	156	95	96	.	8.611111
96	9	Sol5	G5	349	349	1	16	156	95	96	.	8.666667
97	9	La5	A5	358	358	1	4	625	95	96	.	8.888889
98	9	Sol5	G5	349	349	1	16	156	95	96	.	8.944445
99	9	Si5	B5	367	367	1	16	156	95	96	.	9
100	9	La5	A5	358	358	1	4	625	95	96	.	9.222222
101	53			0	0	0	0	0	0	0		9.222222
102	9	La5	A5	358	358	1	4	625	95	96	Yol	9.444445
103	9	Sol5	G5	349	349	1	8	312	99	96	la	9.555555
104	9	Fa5#4	F5#4	344	344	1	8	312	95	96		9.666667
105	9	Do6	C6	371	371	1	8	312	95	96	rý	9.777778
106	9	Si5	B5	367	367	1	8	312	99	96	mýz 	9.888889
107	9	La5	A5	358	358	1	8	312	95	96		10
108	53			0	0	0	0	0	0	0		10
109	9	La5	A5	358	358	1	8	312	99	96	ye	10.11111
110	9	Sol5	G5	349	349	1	8	312	95	96		10.22222
111	9	Sol5	G5	349	349	1	8	312	99	96	þil	10.33333
112	9	Fa5#4	F5#4	344	344	1	8	312	95	96		10.44444
113	9	Fa5#4	F5#4	344	344	1	8	312	99	96	len	10.55556
114	9	Mi5	E5	336	336	1	16	156	99	96		10.61111
115	9	Fa5#4	F5#4	344	344	1	16	156	95	96		10.66667
116	9	Sol5	G5	349	349	1	4	625	99	96	di  	10.88889
117	9	Fa5#4	F5#4	344	344	1	16	156	99	96		10.94444
118	9	Mi5	E5	336	336	1	16	156	99	96		11
119	9	Re5	D5	327	327	1	4	625	95	96		11.22222
120	53			0	0	0	0	0	0	0		11.22222
121	9	La5	A5	358	358	1	4	625	95	96	Yol	11.44444
122	9	Sol5	G5	349	349	1	8	312	99	96	la	11.55556
123	9	Fa5#4	F5#4	344	344	1	8	312	95	96		11.66667
124	9	Do6	C6	371	371	1	8	312	95	96	rý	11.77778
125	9	Si5	B5	367	367	1	8	312	99	96	mýz 	11.88889
126	9	La5	A5	358	358	1	8	312	95	96		12
127	53			0	0	0	0	0	0	0		12
128	9	La5	A5	358	358	1	8	312	99	96	ye	12.11111
129	9	Sol5	G5	349	349	1	8	312	95	96		12.22222
130	9	Sol5	G5	349	349	1	8	312	99	96	þil	12.33333
131	9	Fa5#4	F5#4	344	344	1	8	312	95	96		12.44444
132	9	Fa5#4	F5#4	344	344	1	8	312	99	96	len	12.55556
133	9	Mi5	E5	336	336	1	16	156	99	96		12.61111
134	9	Fa5#4	F5#4	344	344	1	16	156	95	96		12.66667
135	9	Sol5	G5	349	349	1	4	625	99	96	di  	12.88889
136	9	Fa5#4	F5#4	344	344	1	16	156	99	96		12.94444
137	9	Mi5	E5	336	336	1	16	156	99	96		13
138	9	Re5	D5	327	327	1	4	625	95	96		13.22222
139	55			0	0	0	0	0	0	0		13.22222
140	9	Mi5	E5	336	336	1	8	312	99	96	Cey	13.33333
141	9	Fa5#4	F5#4	344	344	1	8	312	95	96		13.44444
142	9	Sol5	G5	349	349	1	8	312	99	96	lan 	13.55556
143	9	La5	A5	358	358	1	8	312	99	96		13.66667
144	9	Fa5	F5	340	340	1	8	312	99	96		13.77778
145	9	Mi5	E5	336	336	1	8	312	99	96		13.88889
146	9	Re5	D5	327	327	1	8	312	95	96		14
147	53			0	0	0	0	0	0	0		14
148	9	Mi5	E5	336	336	1	8	312	99	96	cey	14.11111
149	9	Fa5	F5	340	340	1	8	312	99	96		14.22222
150	9	Mi5	E5	336	336	1	8	312	99	96		14.33333
151	9	Fa5	F5	340	340	1	8	312	95	96		14.44444
152	9	La5	A5	358	358	1	8	312	99	96	lan 	14.55556
153	9	Sol5	G5	349	349	1	8	312	99	96		14.66667
154	9	Fa5	F5	340	340	1	8	312	99	96		14.77778
155	9	Mi5	E5	336	336	1	8	312	99	96		14.88889
156	9	Re5	D5	327	327	1	16	156	99	96		14.94444
157	9	Do5#4	C5#4	322	322	1	16	156	99	96		15
158	9	Re5	D5	327	327	1	4	625	95	96		15.22222
159	53			0	0	0	0	0	0	0		15.22222
160	9	Mi5	E5	336	336	1	8	312	95	96	gi	15.33333
161	9	Fa5	F5	340	340	1	8	312	95	96	de	15.44444
162	9	Fa5	F5	340	340	1	16	156	99	96	lim 	15.5
163	9	Mi5	E5	336	336	1	16	156	99	96		15.55556
164	9	Re5	D5	327	327	1	8	312	95	96		15.66667
165	9	Re5	D5	327	327	1	16	156	99	96	cey	15.72222
166	9	Do5#4	C5#4	322	322	1	16	156	99	96		15.77778
167	9	Si4b4	B4b4	310	310	1	16	156	99	96		15.83333
168	9	La4	A4	305	305	1	16	156	99	96		15.88889
169	9	Si4b4	B4b4	310	310	1	8	312	95	96		16
170	53			0	0	0	0	0	0	0		16
171	9	Do5#4	C5#4	322	322	3	8	938	99	96	lan 	16.33333
172	9	Re5	D5	327	327	1	8	312	95	96		16.44444
173	9	Do5#4	C5#4	322	322	1	16	156	99	96	cey	16.5
174	9	Si4b4	B4b4	310	310	1	16	156	99	96		16.55556
175	9	La4	A4	305	305	1	16	156	99	96		16.61111
176	9	Si4b4	B4b4	310	310	1	16	156	95	96		16.66667
177	9	Do5#4	C5#4	322	322	1	4	625	99	96	lan  	16.88889
178	9	Si4b4	B4b4	310	310	1	16	156	99	96		16.94444
179	9	La4	A4	305	305	1	16	156	99	96		17
180	9	La4	A4	305	305	1	4	625	95	96		17.22222
181	53			0	0	0	0	0	0	0		17.22222
182	9	Mi5	E5	336	336	1	8	312	95	96	Yav	17.33333
183	9	Fa5#4	F5#4	344	344	1	8	312	95	96	ru 	17.44444
184	9	Sol5	G5	349	349	1	8	312	99	96	cey	17.55556
185	9	La5	A5	358	358	1	8	312	99	96		17.66667
186	9	Fa5	F5	340	340	1	8	312	99	96		17.77778
187	9	Mi5	E5	336	336	1	8	312	99	96		17.88889
188	9	Re5	D5	327	327	1	8	312	95	96		18
189	53			0	0	0	0	0	0	0		18
190	9	Do5#4	C5#4	322	322	1	8	312	99	96	lan 	18.11111
191	9	Si4b4	B4b4	310	310	1	16	156	99	96		18.16667
192	9	La4	A4	305	305	1	16	156	95	96		18.22222
193	9	Mi5	E5	336	336	1	8	312	99	96	gel 	18.33333
194	9	Re5	D5	327	327	1	16	156	99	96		18.38889
195	9	Do5#4	C5#4	322	322	1	16	156	95	96		18.44444
196	9	Do5#4	C5#4	322	322	1	8	312	99	96	gi	18.55556
197	9	Si4b4	B4b4	310	310	1	8	312	95	96		18.66667
198	9	Re5	D5	327	327	1	16	156	99	96	de	18.72222
199	9	Do5#4	C5#4	322	322	1	16	156	99	96		18.77778
200	9	Si4b4	B4b4	310	310	1	8	312	99	96		18.88889
201	9	Si4b4	B4b4	310	310	1	16	156	99	96		18.94444
202	9	La4	A4	305	305	1	16	156	95	96		19
203	9	La4	A4	305	305	3	8	938	95	96	lim  	19.33333
204	53			0	0	0	0	0	0	0		19.33333
205	9	Sol5	G5	349	349	1	16	156	95	96	ARANAÐME 	19.38889
206	9	Fa5#4	F5#4	344	344	1	16	156	95	96	.	19.44444
207	9	Mi5	E5	336	336	3	16	469	95	96	.	19.61111
208	9	Re5	D5	327	327	1	16	156	95	96	.	19.66667
209	9	Mi5	E5	336	336	1	16	156	95	96	.	19.72222
210	9	Fa5#4	F5#4	344	344	1	16	156	95	96	.	19.77778
211	9	Sol5	G5	349	349	1	16	156	95	96	.	19.83333
212	9	Mi5	E5	336	336	1	16	156	95	96	.	19.88889
213	9	Fa5	F5	340	340	1	16	156	95	96	.	19.94444
214	9	Re5	D5	327	327	1	16	156	95	96	.	20
215	9	Mi5	E5	336	336	1	4	625	95	96	.	20.22222
216	53			0	0	0	0	0	0	0		20.22222
217	9	La4	A4	305	305	1	8	312	95	96	.	20.33333
218	9	Sol5	G5	349	349	1	16	156	95	96	.	20.38889
219	9	Fa5#4	F5#4	344	344	1	16	156	95	96	.	20.44444
220	9	Mi5	E5	336	336	3	16	469	95	96	.	20.61111
221	9	Re5	D5	327	327	1	16	156	95	96	.	20.66667
222	9	Mi5	E5	336	336	1	16	156	95	96	.	20.72222
223	9	Fa5#4	F5#4	344	344	1	16	156	95	96	.	20.77778
224	9	Sol5	G5	349	349	1	16	156	95	96	.	20.83333
225	9	Mi5	E5	336	336	1	16	156	95	96	.	20.88889
226	9	Fa5	F5	340	340	1	16	156	95	96	.	20.94444
227	9	Re5	D5	327	327	1	16	156	95	96	.	21
228	9	Mi5	E5	336	336	1	4	625	95	96	.	21.22222
229	53			0	0	0	0	0	0	0		21.22222
230	9	La4	A4	305	305	1	8	312	95	96	.	21.33333
231	9	Sol5	G5	349	349	1	16	156	95	96	.	21.38889
232	9	Fa5#4	F5#4	344	344	1	16	156	95	96	.	21.44444
233	9	Mi5	E5	336	336	3	16	469	95	96	.	21.61111
234	9	Re5	D5	327	327	1	16	156	95	96	.	21.66667
235	9	Mi5	E5	336	336	1	16	156	95	96	.	21.72222
236	9	Fa5#4	F5#4	344	344	1	16	156	95	96	.	21.77778
237	9	Sol5	G5	349	349	1	16	156	95	96	.	21.83333
238	9	Si5b4	B5b4	363	363	1	16	156	95	96	.	21.88889
239	9	La5	A5	358	358	1	16	156	95	96	.	21.94444
240	9	Sol5	G5	349	349	1	16	156	95	96	.	22
241	9	Fa5	F5	340	340	1	16	156	95	96	.	22.05556
242	9	Mi5	E5	336	336	1	16	156	95	96	.	22.11111
243	9	Re5	D5	327	327	1	8	312	95	96	.	22.22222
244	53			0	0	0	0	0	0	0		22.22222
245	9	Do5#4	C5#4	322	322	1	16	156	95	96	.	22.27778
246	9	Re5	D5	327	327	1	16	156	95	96	.	22.33333
247	9	Mi5	E5	336	336	1	16	156	95	96	.	22.38889
248	9	Fa5	F5	340	340	1	16	156	95	96	.	22.44444
249	9	Mi5	E5	336	336	1	16	156	95	96	.	22.5
250	9	Fa5	F5	340	340	1	16	156	95	96	.	22.55556
251	9	Mi5	E5	336	336	1	16	156	95	96	.	22.61111
252	9	Re5	D5	327	327	1	16	156	95	96	.	22.66667
253	9	Do5#4	C5#4	322	322	1	16	156	95	96	.	22.72222
254	9	Re5	D5	327	327	1	16	156	95	96	.	22.77778
255	9	Do5#4	C5#4	322	322	1	16	156	95	96	.	22.83333
256	9	Si4b4	B4b4	310	310	1	16	156	95	96	.	22.88889
257	9	Si4b4	B4b4	310	310	1	16	156	95	96	.	22.94444
258	9	La4	A4	305	305	1	16	156	95	96	.	23
259	9	La4	A4	305	305	3	8	938	95	96	lim  	23.33333
260	53			0	0	0	0	0	0	0		23.33333
261	9	Sol5	G5	349	349	1	16	156	95	96	ARANAÐME 	23.38889
262	9	Fa5#4	F5#4	344	344	1	16	156	95	96	.	23.44444
263	9	Mi5	E5	336	336	3	16	469	95	96	.	23.61111
264	9	Re5	D5	327	327	1	16	156	95	96	.	23.66667
265	9	Mi5	E5	336	336	1	16	156	95	96	.	23.72222
266	9	Fa5#4	F5#4	344	344	1	16	156	95	96	.	23.77778
267	9	Sol5	G5	349	349	1	16	156	95	96	.	23.83333
268	9	Mi5	E5	336	336	1	16	156	95	96	.	23.88889
269	9	Fa5	F5	340	340	1	16	156	95	96	.	23.94444
270	9	Re5	D5	327	327	1	16	156	95	96	.	24
271	9	Mi5	E5	336	336	1	4	625	95	96	.	24.22222
272	53			0	0	0	0	0	0	0		24.22222
273	9	La4	A4	305	305	1	8	312	95	96	.	24.33333
274	9	Sol5	G5	349	349	1	16	156	95	96	.	24.38889
275	9	Fa5#4	F5#4	344	344	1	16	156	95	96	.	24.44444
276	9	Mi5	E5	336	336	3	16	469	95	96	.	24.61111
277	9	Re5	D5	327	327	1	16	156	95	96	.	24.66667
278	9	Mi5	E5	336	336	1	16	156	95	96	.	24.72222
279	9	Fa5#4	F5#4	344	344	1	16	156	95	96	.	24.77778
280	9	Sol5	G5	349	349	1	16	156	95	96	.	24.83333
281	9	Mi5	E5	336	336	1	16	156	95	96	.	24.88889
282	9	Fa5	F5	340	340	1	16	156	95	96	.	24.94444
283	9	Re5	D5	327	327	1	16	156	95	96	.	25
284	9	Mi5	E5	336	336	1	4	625	95	96	.	25.22222
285	53			0	0	0	0	0	0	0		25.22222
286	9	La4	A4	305	305	1	8	312	95	96	.	25.33333
287	9	Sol5	G5	349	349	1	16	156	95	96	.	25.38889
288	9	Fa5#4	F5#4	344	344	1	16	156	95	96	.	25.44444
289	9	Mi5	E5	336	336	3	16	469	95	96	.	25.61111
290	9	Re5	D5	327	327	1	16	156	95	96	.	25.66667
291	9	Mi5	E5	336	336	1	16	156	95	96	.	25.72222
292	9	Fa5#4	F5#4	344	344	1	16	156	95	96	.	25.77778
293	9	Sol5	G5	349	349	1	16	156	95	96	.	25.83333
294	9	Si5b4	B5b4	363	363	1	16	156	95	96	.	25.88889
295	9	La5	A5	358	358	1	16	156	95	96	.	25.94444
296	9	Sol5	G5	349	349	1	16	156	95	96	.	26
297	9	Fa5	F5	340	340	1	16	156	95	96	.	26.05556
298	9	Mi5	E5	336	336	1	16	156	95	96	.	26.11111
299	9	Re5	D5	327	327	1	8	312	95	96	.	26.22222
300	53			0	0	0	0	0	0	0		26.22222
301	9	Do5#4	C5#4	322	322	1	16	156	95	96	.	26.27778
302	9	Re5	D5	327	327	1	16	156	95	96	.	26.33333
303	9	Mi5	E5	336	336	1	16	156	95	96	.	26.38889
304	9	Fa5	F5	340	340	1	16	156	95	96	.	26.44444
305	9	Mi5	E5	336	336	1	16	156	95	96	.	26.5
306	9	Fa5	F5	340	340	1	16	156	95	96	.	26.55556
307	9	Mi5	E5	336	336	1	16	156	95	96	.	26.61111
308	9	Re5	D5	327	327	1	16	156	95	96	.	26.66667
309	9	Do5#4	C5#4	322	322	1	16	156	95	96	.	26.72222
310	9	Re5	D5	327	327	1	16	156	95	96	.	26.77778
311	9	Do5#4	C5#4	322	322	1	16	156	95	96	.	26.83333
312	9	Si4b4	B4b4	310	310	1	16	156	95	96	.	26.88889
313	9	Si4b4	B4b4	310	310	1	16	156	95	96	.	26.94444
314	9	La4	A4	305	305	1	16	156	95	96	.	27
315	9	La4	A4	305	305	3	8	938	95	96	SAZ 	27.33333
316	53			0	0	0	0	0	0	0		27.33333
317	9	Re5	D5	327	327	1	8	312	95	96	.	27.44444
318	9	Do5#4	C5#4	322	322	1	8	312	95	96	.	27.55556
319	9	Re5	D5	327	327	1	8	312	95	96	.	27.66667
320	9	Mi5	E5	336	336	3	8	938	95	96	.	28
321	53			0	0	0	0	0	0	0		28
322	9	Re5	D5	327	327	1	4	625	95	96	Ba	28.22222
323	55			0	0	0	0	0	0	0		28.22222
324	54			0	0	0	0	0	0	0	ussak@mi5	28.22222
325	9	Mi5	E5	336	336	1	4	625	95	96	ha	28.44444
326	9	Mi5	E5	336	336	1	16	156	99	96	rýn 	28.5
327	9	Sol5	G5	349	349	1	16	156	99	96		28.55556
328	9	Fa5#4	F5#4	344	344	1	16	156	99	96		28.61111
329	9	Mi5	E5	336	336	1	16	156	99	96		28.66667
330	9	Mi5	E5	336	336	3	8	938	95	96		29
331	53			0	0	0	0	0	0	0		29
332	9	Re5	D5	327	327	1	4	625	95	96	za	29.22222
333	9	La5	A5	358	358	1	4	625	95	96	ma	29.44444
334	9	Sol5	G5	349	349	1	8	312	99	96	ný 	29.55556
335	9	Fa5#4	F5#4	344	344	1	8	312	95	96		29.66667
336	9	La5	A5	358	358	1	16	156	99	96	gel	29.72222
337	9	Sol5	G5	349	349	1	16	156	99	96		29.77778
338	9	Fa5#4	F5#4	344	344	1	8	312	99	96		29.88889
339	9	Fa5#4	F5#4	344	344	1	16	156	99	96		29.94444
340	9	Mi5	E5	336	336	1	16	156	95	96		30
341	9	Mi5	E5	336	336	3	8	938	99	96	di 	30.33333
342	9	Re5	D5	327	327	1	8	312	95	96		30.44444
343	55			0	0	0	0	0	0	0		30.44444
344	53			0	0	0	0	0	0	0		30.44444
345	54			0	0	0	0	0	0	0	buselik@re5	30.44444
346	9	Mi5	E5	336	336	1	8	312	95	96	a 	30.55556
347	9	Fa5#4	F5#4	344	344	1	8	312	95	96	ca	30.66667
348	9	La5	A5	358	358	1	16	156	99	96	ným  	30.72222
349	9	Sol5	G5	349	349	1	16	156	99	96		30.77778
350	9	Fa5	F5	340	340	1	16	156	99	96		30.83333
351	9	Mi5	E5	336	336	1	16	156	99	96		30.88889
352	9	Re5	D5	327	327	1	16	156	99	96		30.94444
353	9	Do5#4	C5#4	322	322	1	16	156	99	96		31
354	9	Re5	D5	327	327	1	4	625	95	96	Ba	31.22222
355	55			0	0	0	0	0	0	0		31.22222
356	54			0	0	0	0	0	0	0	ussak@mi5	31.22222
357	9	Mi5	E5	336	336	1	4	625	95	96	ha	31.44444
358	9	Mi5	E5	336	336	1	16	156	99	96	rýn 	31.5
359	9	Sol5	G5	349	349	1	16	156	99	96		31.55556
360	9	Fa5#4	F5#4	344	344	1	16	156	99	96		31.61111
361	9	Mi5	E5	336	336	1	16	156	99	96		31.66667
362	9	Mi5	E5	336	336	3	8	938	95	96		32
363	53			0	0	0	0	0	0	0		32
364	9	Re5	D5	327	327	1	4	625	95	96	za	32.22222
365	9	La5	A5	358	358	1	4	625	95	96	ma	32.44444
366	9	Sol5	G5	349	349	1	8	312	99	96	ný 	32.55556
367	9	Fa5#4	F5#4	344	344	1	8	312	95	96		32.66667
368	9	La5	A5	358	358	1	16	156	99	96	gel	32.72222
369	9	Sol5	G5	349	349	1	16	156	99	96		32.77778
370	9	Fa5#4	F5#4	344	344	1	8	312	99	96		32.88889
371	9	Fa5#4	F5#4	344	344	1	16	156	99	96		32.94444
372	9	Mi5	E5	336	336	1	16	156	95	96		33
373	9	Mi5	E5	336	336	3	8	938	99	96	di 	33.33333
374	9	Re5	D5	327	327	1	8	312	95	96		33.44444
375	55			0	0	0	0	0	0	0		33.44444
376	53			0	0	0	0	0	0	0		33.44444
377	54			0	0	0	0	0	0	0	buselik@re5	33.44444
378	9	Mi5	E5	336	336	1	8	312	95	96	a 	33.55556
379	9	Fa5#4	F5#4	344	344	1	8	312	95	96	ca	33.66667
380	9	La5	A5	358	358	1	16	156	99	96	ným  	33.72222
381	9	Sol5	G5	349	349	1	16	156	99	96		33.77778
382	9	Fa5	F5	340	340	1	16	156	99	96		33.83333
383	9	Mi5	E5	336	336	1	16	156	99	96		33.88889
384	9	Re5	D5	327	327	1	16	156	99	96		33.94444
385	9	Do5#4	C5#4	322	322	1	16	156	99	96		34
386	9	Re5	D5	327	327	1	4	625	95	96		34.22222
387	53			0	0	0	0	0	0	0		34.22222
388	9	Mi5	E5	336	336	1	8	312	95	96	Yav	34.33333
389	9	Fa5#4	F5#4	344	344	1	8	312	95	96	ru 	34.44444
390	9	Sol5	G5	349	349	1	8	312	99	96	cey	34.55556
391	9	La5	A5	358	358	1	8	312	99	96		34.66667
392	9	Fa5	F5	340	340	1	8	312	99	96		34.77778
393	9	Mi5	E5	336	336	1	8	312	99	96		34.88889
394	9	Re5	D5	327	327	1	8	312	95	96		35
395	53			0	0	0	0	0	0	0		35
396	9	Do5#4	C5#4	322	322	1	8	312	99	96	lan 	35.11111
397	9	Si4b4	B4b4	310	310	1	16	156	99	96		35.16667
398	9	La4	A4	305	305	1	16	156	95	96		35.22222
399	9	Mi5	E5	336	336	1	8	312	99	96	gel 	35.33333
400	9	Re5	D5	327	327	1	16	156	99	96		35.38889
401	9	Do5#4	C5#4	322	322	1	16	156	95	96		35.44444
402	9	Do5#4	C5#4	322	322	1	8	312	99	96	gi	35.55556
403	9	Si4b4	B4b4	310	310	1	8	312	95	96		35.66667
404	9	Re5	D5	327	327	1	16	156	99	96	de	35.72222
405	9	Do5#4	C5#4	322	322	1	16	156	99	96		35.77778
406	9	Si4b4	B4b4	310	310	1	8	312	99	96		35.88889
407	9	Si4b4	B4b4	310	310	1	16	156	99	96		35.94444
408	9	La4	A4	305	305	1	16	156	95	96		36
409	9	La4	A4	305	305	3	8	938	95	96	lim  	36.33333
410	53			0	0	0	0	0	0	0		36.33333
411	54			0	0	0	0	0	0	0	uzzal?@mi?	36.33333
412	9	Si5	B5	367	367	1	16	156	95	96	SAZ	36.38889
413	9	Do6	C6	371	371	1	16	156	95	96	.	36.44444
414	9	Si5	B5	367	367	1	16	156	95	96	.	36.5
415	9	La5	A5	358	358	1	16	156	95	96	.	36.55556
416	9	La5	A5	358	358	1	16	156	95	96	.	36.61111
417	9	Sol5	G5	349	349	1	16	156	95	96	.	36.66667
418	9	La5	A5	358	358	1	4	625	95	96	.	36.88889
419	9	Sol5	G5	349	349	1	16	156	95	96	.	36.94444
420	9	Si5	B5	367	367	1	16	156	95	96	.	37
421	9	La5	A5	358	358	1	4	625	95	96	.	37.22222
422	53			0	0	0	0	0	0	0		37.22222
423	9	La5	A5	358	358	1	4	625	95	96	Yol	37.44444
424	9	Sol5	G5	349	349	1	8	312	99	96	la	37.55556
425	9	Fa5#4	F5#4	344	344	1	8	312	95	96		37.66667
426	9	Do6	C6	371	371	1	8	312	95	96	rý	37.77778
427	9	Si5	B5	367	367	1	8	312	99	96	mýz 	37.88889
428	9	La5	A5	358	358	1	8	312	95	96		38
429	53			0	0	0	0	0	0	0		38
430	9	La5	A5	358	358	1	8	312	99	96	ye	38.11111
431	9	Sol5	G5	349	349	1	8	312	95	96		38.22222
432	9	Sol5	G5	349	349	1	8	312	99	96	þil	38.33333
433	9	Fa5#4	F5#4	344	344	1	8	312	95	96		38.44444
434	9	Fa5#4	F5#4	344	344	1	8	312	99	96	len	38.55556
435	9	Mi5	E5	336	336	1	16	156	99	96		38.61111
436	9	Fa5#4	F5#4	344	344	1	16	156	95	96		38.66667
437	9	Sol5	G5	349	349	1	4	625	99	96	di  	38.88889
438	9	Fa5#4	F5#4	344	344	1	16	156	99	96		38.94444
439	9	Mi5	E5	336	336	1	16	156	99	96		39
440	9	Re5	D5	327	327	1	4	625	95	96		39.22222
441	53			0	0	0	0	0	0	0		39.22222
442	9	La5	A5	358	358	1	4	625	95	96	Yol	39.44444
443	9	Sol5	G5	349	349	1	8	312	99	96	la	39.55556
444	9	Fa5#4	F5#4	344	344	1	8	312	95	96		39.66667
445	9	Do6	C6	371	371	1	8	312	95	96	rý	39.77778
446	9	Si5	B5	367	367	1	8	312	99	96	mýz 	39.88889
447	9	La5	A5	358	358	1	8	312	95	96		40
448	53			0	0	0	0	0	0	0		40
449	9	La5	A5	358	358	1	8	312	99	96	ye	40.11111
450	9	Sol5	G5	349	349	1	8	312	95	96		40.22222
451	9	Sol5	G5	349	349	1	8	312	99	96	þil	40.33333
452	9	Fa5#4	F5#4	344	344	1	8	312	95	96		40.44444
453	9	Fa5#4	F5#4	344	344	1	8	312	99	96	len	40.55556
454	9	Mi5	E5	336	336	1	16	156	99	96		40.61111
455	9	Fa5#4	F5#4	344	344	1	16	156	95	96		40.66667
456	9	Sol5	G5	349	349	1	4	625	99	96	di  	40.88889
457	9	Fa5#4	F5#4	344	344	1	16	156	99	96		40.94444
458	9	Mi5	E5	336	336	1	16	156	99	96		41
459	9	Re5	D5	327	327	1	4	625	95	96		41.22222
460	55			0	0	0	0	0	0	0		41.22222
461	9	Mi5	E5	336	336	1	8	312	99	96	Cey	41.33333
462	9	Fa5#4	F5#4	344	344	1	8	312	95	96		41.44444
463	9	Sol5	G5	349	349	1	8	312	99	96	lan 	41.55556
464	9	La5	A5	358	358	1	8	312	99	96		41.66667
465	9	Fa5	F5	340	340	1	8	312	99	96		41.77778
466	9	Mi5	E5	336	336	1	8	312	99	96		41.88889
467	9	Re5	D5	327	327	1	8	312	95	96		42
468	53			0	0	0	0	0	0	0		42
469	9	Mi5	E5	336	336	1	8	312	99	96	cey	42.11111
470	9	Fa5	F5	340	340	1	8	312	99	96		42.22222
471	9	Mi5	E5	336	336	1	8	312	99	96		42.33333
472	9	Fa5	F5	340	340	1	8	312	95	96		42.44444
473	9	La5	A5	358	358	1	8	312	99	96	lan 	42.55556
474	9	Sol5	G5	349	349	1	8	312	99	96		42.66667
475	9	Fa5	F5	340	340	1	8	312	99	96		42.77778
476	9	Mi5	E5	336	336	1	8	312	99	96		42.88889
477	9	Re5	D5	327	327	1	16	156	99	96		42.94444
478	9	Do5#4	C5#4	322	322	1	16	156	99	96		43
479	9	Re5	D5	327	327	1	4	625	95	96		43.22222
480	53			0	0	0	0	0	0	0		43.22222
481	9	Mi5	E5	336	336	1	8	312	95	96	gi	43.33333
482	9	Fa5	F5	340	340	1	8	312	95	96	de	43.44444
483	9	Fa5	F5	340	340	1	16	156	99	96	lim 	43.5
484	9	Mi5	E5	336	336	1	16	156	99	96		43.55556
485	9	Re5	D5	327	327	1	8	312	95	96		43.66667
486	9	Re5	D5	327	327	1	16	156	99	96	cey	43.72222
487	9	Do5#4	C5#4	322	322	1	16	156	99	96		43.77778
488	9	Si4b4	B4b4	310	310	1	16	156	99	96		43.83333
489	9	La4	A4	305	305	1	16	156	99	96		43.88889
490	9	Si4b4	B4b4	310	310	1	8	312	95	96		44
491	53			0	0	0	0	0	0	0		44
492	9	Do5#4	C5#4	322	322	3	8	938	99	96	lan 	44.33333
493	9	Re5	D5	327	327	1	8	312	95	96		44.44444
494	9	Do5#4	C5#4	322	322	1	16	156	99	96	cey	44.5
495	9	Si4b4	B4b4	310	310	1	16	156	99	96		44.55556
496	9	La4	A4	305	305	1	16	156	99	96		44.61111
497	9	Si4b4	B4b4	310	310	1	16	156	95	96		44.66667
498	9	Do5#4	C5#4	322	322	1	4	625	99	96	lan  	44.88889
499	9	Si4b4	B4b4	310	310	1	16	156	99	96		44.94444
500	9	La4	A4	305	305	1	16	156	99	96		45
501	9	La4	A4	305	305	1	4	625	95	96		45.22222
502	53			0	0	0	0	0	0	0		45.22222
503	9	Mi5	E5	336	336	1	8	312	95	96	Yav	45.33333
504	9	Fa5#4	F5#4	344	344	1	8	312	95	96	ru 	45.44444
505	9	Sol5	G5	349	349	1	8	312	99	96	cey	45.55556
506	9	La5	A5	358	358	1	8	312	99	96		45.66667
507	9	Fa5	F5	340	340	1	8	312	99	96		45.77778
508	9	Mi5	E5	336	336	1	8	312	99	96		45.88889
509	9	Re5	D5	327	327	1	8	312	95	96		46
510	53			0	0	0	0	0	0	0		46
511	9	Do5#4	C5#4	322	322	1	8	312	99	96	lan 	46.11111
512	9	Si4b4	B4b4	310	310	1	16	156	99	96		46.16667
513	9	La4	A4	305	305	1	16	156	95	96		46.22222
514	9	Mi5	E5	336	336	1	8	312	99	96	gel 	46.33333
515	9	Re5	D5	327	327	1	16	156	99	96		46.38889
516	9	Do5#4	C5#4	322	322	1	16	156	95	96		46.44444
517	9	Do5#4	C5#4	322	322	1	8	312	99	96	gi	46.55556
518	9	Si4b4	B4b4	310	310	1	8	312	95	96		46.66667
519	9	Re5	D5	327	327	1	16	156	99	96	de	46.72222
520	9	Do5#4	C5#4	322	322	1	16	156	99	96		46.77778
521	9	Si4b4	B4b4	310	310	1	8	312	99	96		46.88889
522	9	Si4b4	B4b4	310	310	1	16	156	99	96		46.94444
523	9	La4	A4	305	305	1	16	156	95	96		47
524	9	La4	A4	305	305	3	8	938	95	96	lim  	47.33333
525	53			0	0	0	0	0	0	0		47.33333
526	9	Sol5	G5	349	349	1	16	156	95	96	ARANAÐME 	47.38889
527	9	Fa5#4	F5#4	344	344	1	16	156	95	96	.	47.44444
528	9	Mi5	E5	336	336	3	16	469	95	96	.	47.61111
529	9	Re5	D5	327	327	1	16	156	95	96	.	47.66667
530	9	Mi5	E5	336	336	1	16	156	95	96	.	47.72222
531	9	Fa5#4	F5#4	344	344	1	16	156	95	96	.	47.77778
532	9	Sol5	G5	349	349	1	16	156	95	96	.	47.83333
533	9	Mi5	E5	336	336	1	16	156	95	96	.	47.88889
534	9	Fa5	F5	340	340	1	16	156	95	96	.	47.94444
535	9	Re5	D5	327	327	1	16	156	95	96	.	48
536	9	Mi5	E5	336	336	1	4	625	95	96	.	48.22222
537	53			0	0	0	0	0	0	0		48.22222
538	9	La4	A4	305	305	1	8	312	95	96	.	48.33333
539	9	Sol5	G5	349	349	1	16	156	95	96	.	48.38889
540	9	Fa5#4	F5#4	344	344	1	16	156	95	96	.	48.44444
541	9	Mi5	E5	336	336	3	16	469	95	96	.	48.61111
542	9	Re5	D5	327	327	1	16	156	95	96	.	48.66667
543	9	Mi5	E5	336	336	1	16	156	95	96	.	48.72222
544	9	Fa5#4	F5#4	344	344	1	16	156	95	96	.	48.77778
545	9	Sol5	G5	349	349	1	16	156	95	96	.	48.83333
546	9	Mi5	E5	336	336	1	16	156	95	96	.	48.88889
547	9	Fa5	F5	340	340	1	16	156	95	96	.	48.94444
548	9	Re5	D5	327	327	1	16	156	95	96	.	49
549	9	Mi5	E5	336	336	1	4	625	95	96	.	49.22222
550	53			0	0	0	0	0	0	0		49.22222
551	9	La4	A4	305	305	1	8	312	95	96	.	49.33333
552	9	Sol5	G5	349	349	1	16	156	95	96	.	49.38889
553	9	Fa5#4	F5#4	344	344	1	16	156	95	96	.	49.44444
554	9	Mi5	E5	336	336	3	16	469	95	96	.	49.61111
555	9	Re5	D5	327	327	1	16	156	95	96	.	49.66667
556	9	Mi5	E5	336	336	1	16	156	95	96	.	49.72222
557	9	Fa5#4	F5#4	344	344	1	16	156	95	96	.	49.77778
558	9	Sol5	G5	349	349	1	16	156	95	96	.	49.83333
559	9	Si5b4	B5b4	363	363	1	16	156	95	96	.	49.88889
560	9	La5	A5	358	358	1	16	156	95	96	.	49.94444
561	9	Sol5	G5	349	349	1	16	156	95	96	.	50
562	9	Fa5	F5	340	340	1	16	156	95	96	.	50.05556
563	9	Mi5	E5	336	336	1	16	156	95	96	.	50.11111
564	9	Re5	D5	327	327	1	8	312	95	96	.	50.22222
565	53			0	0	0	0	0	0	0		50.22222
566	9	Do5#4	C5#4	322	322	1	16	156	95	96	.	50.27778
567	9	Re5	D5	327	327	1	16	156	95	96	.	50.33333
568	9	Mi5	E5	336	336	1	16	156	95	96	.	50.38889
569	9	Fa5	F5	340	340	1	16	156	95	96	.	50.44444
570	9	Mi5	E5	336	336	1	16	156	95	96	.	50.5
571	9	Fa5	F5	340	340	1	16	156	95	96	.	50.55556
572	9	Mi5	E5	336	336	1	16	156	95	96	.	50.61111
573	9	Re5	D5	327	327	1	16	156	95	96	.	50.66667
574	9	Do5#4	C5#4	322	322	1	16	156	95	96	.	50.72222
575	9	Re5	D5	327	327	1	16	156	95	96	.	50.77778
576	9	Do5#4	C5#4	322	322	1	16	156	95	96	.	50.83333
577	9	Si4b4	B4b4	310	310	1	16	156	95	96	.	50.88889
578	9	Si4b4	B4b4	310	310	1	16	156	95	96	.	50.94444
579	9	La4	A4	305	305	1	16	156	95	96	.	51
580	9	La4	A4	305	305	3	8	938	95	96	lim  	51.33333
581	53			0	0	0	0	0	0	0		51.33333
582	9	Sol5	G5	349	349	1	16	156	95	96	ARANAÐME 	51.38889
583	9	Fa5#4	F5#4	344	344	1	16	156	95	96	.	51.44444
584	9	Mi5	E5	336	336	3	16	469	95	96	.	51.61111
585	9	Re5	D5	327	327	1	16	156	95	96	.	51.66667
586	9	Mi5	E5	336	336	1	16	156	95	96	.	51.72222
587	9	Fa5#4	F5#4	344	344	1	16	156	95	96	.	51.77778
588	9	Sol5	G5	349	349	1	16	156	95	96	.	51.83333
589	9	Mi5	E5	336	336	1	16	156	95	96	.	51.88889
590	9	Fa5	F5	340	340	1	16	156	95	96	.	51.94444
591	9	Re5	D5	327	327	1	16	156	95	96	.	52
592	9	Mi5	E5	336	336	1	4	625	95	96	.	52.22222
593	53			0	0	0	0	0	0	0		52.22222
594	9	La4	A4	305	305	1	8	312	95	96	.	52.33333
595	9	Sol5	G5	349	349	1	16	156	95	96	.	52.38889
596	9	Fa5#4	F5#4	344	344	1	16	156	95	96	.	52.44444
597	9	Mi5	E5	336	336	3	16	469	95	96	.	52.61111
598	9	Re5	D5	327	327	1	16	156	95	96	.	52.66667
599	9	Mi5	E5	336	336	1	16	156	95	96	.	52.72222
600	9	Fa5#4	F5#4	344	344	1	16	156	95	96	.	52.77778
601	9	Sol5	G5	349	349	1	16	156	95	96	.	52.83333
602	9	Mi5	E5	336	336	1	16	156	95	96	.	52.88889
603	9	Fa5	F5	340	340	1	16	156	95	96	.	52.94444
604	9	Re5	D5	327	327	1	16	156	95	96	.	53
605	9	Mi5	E5	336	336	1	4	625	95	96	.	53.22222
606	53			0	0	0	0	0	0	0		53.22222
607	9	La4	A4	305	305	1	8	312	95	96	.	53.33333
608	9	Sol5	G5	349	349	1	16	156	95	96	.	53.38889
609	9	Fa5#4	F5#4	344	344	1	16	156	95	96	.	53.44444
610	9	Mi5	E5	336	336	3	16	469	95	96	.	53.61111
611	9	Re5	D5	327	327	1	16	156	95	96	.	53.66667
612	9	Mi5	E5	336	336	1	16	156	95	96	.	53.72222
613	9	Fa5#4	F5#4	344	344	1	16	156	95	96	.	53.77778
614	9	Sol5	G5	349	349	1	16	156	95	96	.	53.83333
615	9	Si5b4	B5b4	363	363	1	16	156	95	96	.	53.88889
616	9	La5	A5	358	358	1	16	156	95	96	.	53.94444
617	9	Sol5	G5	349	349	1	16	156	95	96	.	54
618	9	Fa5	F5	340	340	1	16	156	95	96	.	54.05556
619	9	Mi5	E5	336	336	1	16	156	95	96	.	54.11111
620	9	Re5	D5	327	327	1	8	312	95	96	.	54.22222
621	53			0	0	0	0	0	0	0		54.22222
622	9	Do5#4	C5#4	322	322	1	16	156	95	96	.	54.27778
623	9	Re5	D5	327	327	1	16	156	95	96	.	54.33333
624	9	Mi5	E5	336	336	1	16	156	95	96	.	54.38889
625	9	Fa5	F5	340	340	1	16	156	95	96	.	54.44444
626	9	Mi5	E5	336	336	1	16	156	95	96	.	54.5
627	9	Fa5	F5	340	340	1	16	156	95	96	.	54.55556
628	9	Mi5	E5	336	336	1	16	156	95	96	.	54.61111
629	9	Re5	D5	327	327	1	16	156	95	96	.	54.66667
630	9	Do5#4	C5#4	322	322	1	16	156	95	96	.	54.72222
631	9	Re5	D5	327	327	1	16	156	95	96	.	54.77778
632	9	Do5#4	C5#4	322	322	1	16	156	95	96	.	54.83333
633	9	Si4b4	B4b4	310	310	1	16	156	95	96	.	54.88889
634	9	Si4b4	B4b4	310	310	1	16	156	95	96	.	54.94444
635	9	La4	A4	305	305	1	16	156	95	96	.	55
636	9	La4	A4	305	305	3	8	938	95	96	SAZ 	55.33333
637	53			0	0	0	0	0	0	0		55.33333
