Sýra	Kod	Nota53	NotaAE	Koma53	KomaAE	Pay	Payda	Ms	LNS	Bas	Soz1	Offset
1	9	La4	A4	305	305	1	16	208	95	96	ARANAÐME 	5.555556E-02
2	9	Si4b4	B4b4	310	310	1	16	208	95	96	.	0.1111111
3	9	La4	A4	305	305	1	16	208	95	96	.	0.1666667
4	9	Sol4	G4	296	296	1	16	208	95	96	.	0.2222222
5	9	Fa4#4	F4#4	291	291	1	8	417	95	96	.	0.3333333
6	9	Sol4	G4	296	296	1	8	417	95	96	.	0.4444444
7	9	La4	A4	305	305	1	8	417	95	96	.	0.5555556
8	9	Si4b4	B4b4	310	310	1	8	417	95	96	.	0.6666667
9	9	Do5#4	C5#4	322	322	1	8	417	95	96	.	0.7777778
10	9	Re5	D5	327	327	1	8	417	95	96	.	0.8888889
11	9	Mi5	E5	336	336	1	8	417	95	96	.	1
12	53			0	0	0	0	0	0	0		1
13	9	Re5	D5	327	327	1	16	208	95	96	.	1.055556
14	9	Mi5	E5	336	336	1	16	208	95	96	.	1.111111
15	9	Fa5	F5	340	340	1	16	208	95	96	.	1.166667
16	9	Sol5	G5	349	349	1	16	208	95	96	.	1.222222
17	9	Mi5	E5	336	336	1	16	208	95	96	.	1.277778
18	9	Fa5	F5	340	340	1	16	208	95	96	.	1.333333
19	9	Re5	D5	327	327	1	16	208	95	96	.	1.388889
20	9	Mi5	E5	336	336	1	16	208	95	96	.	1.444444
21	9	Do5#4	C5#4	322	322	1	16	208	95	96	.	1.5
22	9	Re5	D5	327	327	1	16	208	95	96	.	1.555556
23	9	Do5#4	C5#4	322	322	1	16	208	95	96	.	1.611111
24	9	Si4b4	B4b4	310	310	1	16	208	95	96	.	1.666667
25	9	Do5#4	C5#4	322	322	1	8	417	95	96	.	1.777778
26	9	Re5	D5	327	327	1	8	417	95	96	.	1.888889
27	9	Do5#4	C5#4	322	322	1	16	208	95	96	.	1.944444
28	9	Si4b4	B4b4	310	310	1	16	208	95	96	.	2
29	53			0	0	0	0	0	0	0		2
30	9	La4	A4	305	305	1	16	208	95	96	.	2.055556
31	9	Si4b4	B4b4	310	310	1	16	208	95	96	.	2.111111
32	9	La4	A4	305	305	1	16	208	95	96	.	2.166667
33	9	Sol4	G4	296	296	1	16	208	95	96	.	2.222222
34	9	Fa4#4	F4#4	291	291	1	8	417	95	96	.	2.333333
35	9	Sol4	G4	296	296	1	8	417	95	96	.	2.444444
36	9	La4	A4	305	305	1	8	417	95	96	.	2.555556
37	9	Si4b4	B4b4	310	310	1	8	417	95	96	.	2.666667
38	9	Do5#4	C5#4	322	322	1	8	417	95	96	.	2.777778
39	9	Re5	D5	327	327	1	8	417	95	96	.	2.888889
40	9	Mi5	E5	336	336	1	8	417	95	96	.	3
41	53			0	0	0	0	0	0	0		3
42	9	Re5	D5	327	327	1	16	208	95	96	.	3.055556
43	9	Mi5	E5	336	336	1	16	208	95	96	.	3.111111
44	9	Fa5	F5	340	340	1	16	208	95	96	.	3.166667
45	9	Sol5	G5	349	349	1	16	208	95	96	.	3.222222
46	9	Mi5	E5	336	336	1	16	208	95	96	.	3.277778
47	9	Fa5	F5	340	340	1	16	208	95	96	.	3.333333
48	9	Re5	D5	327	327	1	16	208	95	96	.	3.388889
49	9	Mi5	E5	336	336	1	16	208	95	96	.	3.444444
50	9	Do5#4	C5#4	322	322	1	16	208	95	96	.	3.5
51	9	Si4b4	B4b4	310	310	1	16	208	95	96	.	3.555556
52	9	Si4b4	B4b4	310	310	1	16	208	95	96	.	3.611111
53	11	La4	A4	305	305	1	16	208	95	96	.	3.666667
54	9	La4	A4	305	305	3	8	1250	95	96	.	4
55	9	La4	A4	305	305	1	16	208	95	96	ARANAÐME 	4.055555
56	9	Si4b4	B4b4	310	310	1	16	208	95	96	.	4.111111
57	9	La4	A4	305	305	1	16	208	95	96	.	4.166667
58	9	Sol4	G4	296	296	1	16	208	95	96	.	4.222222
59	9	Fa4#4	F4#4	291	291	1	8	417	95	96	.	4.333333
60	9	Sol4	G4	296	296	1	8	417	95	96	.	4.444445
61	9	La4	A4	305	305	1	8	417	95	96	.	4.555555
62	9	Si4b4	B4b4	310	310	1	8	417	95	96	.	4.666667
63	9	Do5#4	C5#4	322	322	1	8	417	95	96	.	4.777778
64	9	Re5	D5	327	327	1	8	417	95	96	.	4.888889
65	9	Mi5	E5	336	336	1	8	417	95	96	.	5
66	53			0	0	0	0	0	0	0		5
67	9	Re5	D5	327	327	1	16	208	95	96	.	5.055555
68	9	Mi5	E5	336	336	1	16	208	95	96	.	5.111111
69	9	Fa5	F5	340	340	1	16	208	95	96	.	5.166667
70	9	Sol5	G5	349	349	1	16	208	95	96	.	5.222222
71	9	Mi5	E5	336	336	1	16	208	95	96	.	5.277778
72	9	Fa5	F5	340	340	1	16	208	95	96	.	5.333333
73	9	Re5	D5	327	327	1	16	208	95	96	.	5.388889
74	9	Mi5	E5	336	336	1	16	208	95	96	.	5.444445
75	9	Do5#4	C5#4	322	322	1	16	208	95	96	.	5.5
76	9	Re5	D5	327	327	1	16	208	95	96	.	5.555555
77	9	Do5#4	C5#4	322	322	1	16	208	95	96	.	5.611111
78	9	Si4b4	B4b4	310	310	1	16	208	95	96	.	5.666667
79	9	Do5#4	C5#4	322	322	1	8	417	95	96	.	5.777778
80	9	Re5	D5	327	327	1	8	417	95	96	.	5.888889
81	9	Do5#4	C5#4	322	322	1	16	208	95	96	.	5.944445
82	9	Si4b4	B4b4	310	310	1	16	208	95	96	.	6
83	53			0	0	0	0	0	0	0		6
84	9	La4	A4	305	305	1	16	208	95	96	.	6.055555
85	9	Si4b4	B4b4	310	310	1	16	208	95	96	.	6.111111
86	9	La4	A4	305	305	1	16	208	95	96	.	6.166667
87	9	Sol4	G4	296	296	1	16	208	95	96	.	6.222222
88	9	Fa4#4	F4#4	291	291	1	8	417	95	96	.	6.333333
89	9	Sol4	G4	296	296	1	8	417	95	96	.	6.444445
90	9	La4	A4	305	305	1	8	417	95	96	.	6.555555
91	9	Si4b4	B4b4	310	310	1	8	417	95	96	.	6.666667
92	9	Do5#4	C5#4	322	322	1	8	417	95	96	.	6.777778
93	9	Re5	D5	327	327	1	8	417	95	96	.	6.888889
94	9	Mi5	E5	336	336	1	8	417	95	96	.	7
95	53			0	0	0	0	0	0	0		7
96	9	Re5	D5	327	327	1	16	208	95	96	.	7.055555
97	9	Mi5	E5	336	336	1	16	208	95	96	.	7.111111
98	9	Fa5	F5	340	340	1	16	208	95	96	.	7.166667
99	9	Sol5	G5	349	349	1	16	208	95	96	.	7.222222
100	9	Mi5	E5	336	336	1	16	208	95	96	.	7.277778
101	9	Fa5	F5	340	340	1	16	208	95	96	.	7.333333
102	9	Re5	D5	327	327	1	16	208	95	96	.	7.388889
103	9	Mi5	E5	336	336	1	16	208	95	96	.	7.444445
104	9	Do5#4	C5#4	322	322	1	16	208	95	96	.	7.5
105	9	Si4b4	B4b4	310	310	1	16	208	95	96	.	7.555555
106	9	Si4b4	B4b4	310	310	1	16	208	95	96	.	7.611111
107	11	La4	A4	305	305	1	16	208	95	96	.	7.666667
108	9	La4	A4	305	305	3	16	625	95	96	.	7.833333
109	53			0	0	0	0	0	0	0		7.833333
110	9	Sol5	G5	349	349	1	16	208	95	96	.	7.888889
111	9	Fa5#4	F5#4	344	344	1	16	208	95	96	.	7.944445
112	9	Sol5	G5	349	349	1	16	208	95	96	.	8
113	53			0	0	0	0	0	0	0		8
114	9	La5	A5	358	358	1	4	833	95	96	.  	8.222222
115	9	Sol5	G5	349	349	3	16	625	99	96	Eb	8.388889
116	9	La5	A5	358	358	1	16	208	95	96		8.444445
117	9	La5	A5	358	358	5	8	2083	100	96	rû	9
118	9	La5	A5	358	358	1	4	833	95	96		9.222222
119	53			0	0	0	0	0	0	0		9.222222
120	9	La5	A5	358	358	1	16	208	99	96	le	9.277778
121	9	Do6	C6	371	371	1	16	208	95	96		9.333333
122	9	Si5	B5	367	367	1	16	208	99	96	ri	9.388889
123	9	La5	A5	358	358	1	16	208	95	96		9.444445
124	9	La5	A5	358	358	1	8	417	99	96	nin 	9.555555
125	9	Sol5	G5	349	349	1	8	417	99	96		9.666667
126	9	Fa5	F5	340	340	1	8	417	99	96		9.777778
127	9	Mi5	E5	336	336	1	8	417	99	96		9.888889
128	9	Re5	D5	327	327	1	16	208	99	96		9.944445
129	9	Do5#4	C5#4	322	322	1	16	208	95	96		10
130	9	Re5	D5	327	327	1	4	833	99	96	zah	10.22222
131	53			0	0	0	0	0	0	0		10.22222
132	9	Mi5	E5	336	336	1	8	417	99	96		10.33333
133	9	Fa5#4	F5#4	344	344	1	8	417	99	96		10.44444
134	9	La5	A5	358	358	1	8	417	99	96		10.55556
135	9	Sol5	G5	349	349	1	8	417	99	96		10.66667
136	9	Fa5	F5	340	340	1	8	417	99	96		10.77778
137	9	Mi5	E5	336	336	1	8	417	99	96		10.88889
138	9	Re5	D5	327	327	1	8	417	99	96		11
139	9	Do5#4	C5#4	322	322	3	16	625	99	96		11.16667
140	9	Si4b4	B4b4	310	310	1	16	208	95	96		11.22222
141	53			0	0	0	0	0	0	0		11.22222
142	9	Do5#4	C5#4	322	322	1	8	417	95	96	mý 	11.33333
143	9	Re5	D5	327	327	1	8	417	95	96	ni	11.44444
144	9	Do5#4	C5#4	322	322	1	16	208	99	96	han	11.5
145	9	Si4b4	B4b4	310	310	1	16	208	99	96		11.55556
146	9	Si4b4	B4b4	310	310	1	16	208	99	96		11.61111
147	11	La4	A4	305	305	1	16	208	99	96		11.66667
148	9	La4	A4	305	305	1	4	833	99	96		11.88889
149	9	Si4b4	B4b4	310	310	1	24	139	99	96		11.92593
150	9	La4	A4	305	305	1	24	139	99	96		11.96296
151	9	Si4b4	B4b4	310	310	1	24	139	95	96		12
152	9	Sol4	G4	296	296	1	2	1666	99	96	dýr 	12.44444
153	53			0	0	0	0	0	0	0		12.44444
154	9	Mi5	E5	336	336	1	8	417	99	96		12.55556
155	9	Fa5	F5	340	340	1	16	208	99	96		12.61111
156	9	Mi5	E5	336	336	1	16	208	99	96		12.66667
157	9	La5	A5	358	358	1	16	208	99	96		12.72222
158	9	Sol5	G5	349	349	1	16	208	99	96		12.77778
159	9	Fa5	F5	340	340	1	16	208	99	96		12.83333
160	9	Mi5	E5	336	336	1	16	208	99	96		12.88889
161	9	Re5	D5	327	327	1	8	417	99	96		13
162	9	Do5#4	C5#4	322	322	1	8	417	99	96		13.11111
163	9	Si4b4	B4b4	310	310	1	24	139	99	96		13.14815
164	9	La4	A4	305	305	1	24	139	99	96		13.18519
165	9	Si4b4	B4b4	310	310	1	24	139	95	96		13.22222
166	53			0	0	0	0	0	0	0		13.22222
167	9	Do5#4	C5#4	322	322	1	8	417	95	96	ci	13.33333
168	9	Re5	D5	327	327	1	8	417	95	96	ðe	13.44444
169	9	Do5#4	C5#4	322	322	1	16	208	99	96	rim	13.5
170	9	Si4b4	B4b4	310	310	1	16	208	99	96		13.55556
171	9	Si4b4	B4b4	310	310	1	16	208	99	96		13.61111
172	9	La4	A4	305	305	1	16	208	99	96		13.66667
173	9	La4	A4	305	305	1	4	833	99	96		13.88889
174	9	La5	A5	358	358	1	8	417	95	96		14
175	53			0	0	0	0	0	0	0		14
176	9	La5	A5	358	358	1	16	208	99	96	de 	14.05556
177	9	Sol5	G5	349	349	1	16	208	99	96		14.11111
178	9	Fa5	F5	340	340	1	16	208	99	96		14.16667
179	9	Mi5	E5	336	336	1	16	208	99	96		14.22222
180	11	Re5	D5	327	327	1	8	417	95	96		14.33333
181	53			0	0	0	0	0	0	0		14.33333
182	9	Re5	D5	327	327	1	16	208	99	96	a	14.38889
183	9	Do5#4	C5#4	322	322	1	16	208	95	96		14.44444
184	9	Do5#4	C5#4	322	322	1	16	208	99	96	man_	14.5
185	9	Si4b4	B4b4	310	310	1	16	208	95	96		14.55556
186	9	Si4b4	B4b4	310	310	1	16	208	99	96	a	14.61111
187	11	La4	A4	305	305	1	16	208	95	96		14.66667
188	9	La4	A4	305	305	3	8	1250	95	96	man  	15
189	9	La4	A4	305	305	1	16	208	95	96	ARANAÐME 	15.05556
190	9	Si4b4	B4b4	310	310	1	16	208	95	96	.	15.11111
191	9	La4	A4	305	305	1	16	208	95	96	.	15.16667
192	9	Sol4	G4	296	296	1	16	208	95	96	.	15.22222
193	9	Fa4#4	F4#4	291	291	1	8	417	95	96	.	15.33333
194	9	Sol4	G4	296	296	1	8	417	95	96	.	15.44444
195	9	La4	A4	305	305	1	8	417	95	96	.	15.55556
196	9	Si4b4	B4b4	310	310	1	8	417	95	96	.	15.66667
197	9	Do5#4	C5#4	322	322	1	8	417	95	96	.	15.77778
198	9	Re5	D5	327	327	1	8	417	95	96	.	15.88889
199	9	Mi5	E5	336	336	1	8	417	95	96	.	16
200	53			0	0	0	0	0	0	0		16
201	9	Re5	D5	327	327	1	16	208	95	96	.	16.05556
202	9	Mi5	E5	336	336	1	16	208	95	96	.	16.11111
203	9	Fa5	F5	340	340	1	16	208	95	96	.	16.16667
204	9	Sol5	G5	349	349	1	16	208	95	96	.	16.22222
205	9	Mi5	E5	336	336	1	16	208	95	96	.	16.27778
206	9	Fa5	F5	340	340	1	16	208	95	96	.	16.33333
207	9	Re5	D5	327	327	1	16	208	95	96	.	16.38889
208	9	Mi5	E5	336	336	1	16	208	95	96	.	16.44444
209	9	Do5#4	C5#4	322	322	1	16	208	95	96	.	16.5
210	9	Re5	D5	327	327	1	16	208	95	96	.	16.55556
211	9	Do5#4	C5#4	322	322	1	16	208	95	96	.	16.61111
212	9	Si4b4	B4b4	310	310	1	16	208	95	96	.	16.66667
213	9	Do5#4	C5#4	322	322	1	8	417	95	96	.	16.77778
214	9	Re5	D5	327	327	1	8	417	95	96	.	16.88889
215	9	Do5#4	C5#4	322	322	1	16	208	95	96	.	16.94444
216	9	Si4b4	B4b4	310	310	1	16	208	95	96	.	17
217	53			0	0	0	0	0	0	0		17
218	9	La4	A4	305	305	1	16	208	95	96	.	17.05556
219	9	Si4b4	B4b4	310	310	1	16	208	95	96	.	17.11111
220	9	La4	A4	305	305	1	16	208	95	96	.	17.16667
221	9	Sol4	G4	296	296	1	16	208	95	96	.	17.22222
222	9	Fa4#4	F4#4	291	291	1	8	417	95	96	.	17.33333
223	9	Sol4	G4	296	296	1	8	417	95	96	.	17.44444
224	9	La4	A4	305	305	1	8	417	95	96	.	17.55556
225	9	Si4b4	B4b4	310	310	1	8	417	95	96	.	17.66667
226	9	Do5#4	C5#4	322	322	1	8	417	95	96	.	17.77778
227	9	Re5	D5	327	327	1	8	417	95	96	.	17.88889
228	9	Mi5	E5	336	336	1	8	417	95	96	.	18
229	53			0	0	0	0	0	0	0		18
230	9	Re5	D5	327	327	1	16	208	95	96	.	18.05556
231	9	Mi5	E5	336	336	1	16	208	95	96	.	18.11111
232	9	Fa5	F5	340	340	1	16	208	95	96	.	18.16667
233	9	Sol5	G5	349	349	1	16	208	95	96	.	18.22222
234	9	Mi5	E5	336	336	1	16	208	95	96	.	18.27778
235	9	Fa5	F5	340	340	1	16	208	95	96	.	18.33333
236	9	Re5	D5	327	327	1	16	208	95	96	.	18.38889
237	9	Mi5	E5	336	336	1	16	208	95	96	.	18.44444
238	9	Do5#4	C5#4	322	322	1	16	208	95	96	.	18.5
239	9	Si4b4	B4b4	310	310	1	16	208	95	96	.	18.55556
240	9	Si4b4	B4b4	310	310	1	16	208	95	96	.	18.61111
241	11	La4	A4	305	305	1	16	208	95	96	.	18.66667
242	9	La4	A4	305	305	3	8	1250	95	96	.	19
243	9	La4	A4	305	305	1	16	208	95	96	ARANAÐME 	19.05556
244	9	Si4b4	B4b4	310	310	1	16	208	95	96	.	19.11111
245	9	La4	A4	305	305	1	16	208	95	96	.	19.16667
246	9	Sol4	G4	296	296	1	16	208	95	96	.	19.22222
247	9	Fa4#4	F4#4	291	291	1	8	417	95	96	.	19.33333
248	9	Sol4	G4	296	296	1	8	417	95	96	.	19.44444
249	9	La4	A4	305	305	1	8	417	95	96	.	19.55556
250	9	Si4b4	B4b4	310	310	1	8	417	95	96	.	19.66667
251	9	Do5#4	C5#4	322	322	1	8	417	95	96	.	19.77778
252	9	Re5	D5	327	327	1	8	417	95	96	.	19.88889
253	9	Mi5	E5	336	336	1	8	417	95	96	.	20
254	53			0	0	0	0	0	0	0		20
255	9	Re5	D5	327	327	1	16	208	95	96	.	20.05556
256	9	Mi5	E5	336	336	1	16	208	95	96	.	20.11111
257	9	Fa5	F5	340	340	1	16	208	95	96	.	20.16667
258	9	Sol5	G5	349	349	1	16	208	95	96	.	20.22222
259	9	Mi5	E5	336	336	1	16	208	95	96	.	20.27778
260	9	Fa5	F5	340	340	1	16	208	95	96	.	20.33333
261	9	Re5	D5	327	327	1	16	208	95	96	.	20.38889
262	9	Mi5	E5	336	336	1	16	208	95	96	.	20.44444
263	9	Do5#4	C5#4	322	322	1	16	208	95	96	.	20.5
264	9	Re5	D5	327	327	1	16	208	95	96	.	20.55556
265	9	Do5#4	C5#4	322	322	1	16	208	95	96	.	20.61111
266	9	Si4b4	B4b4	310	310	1	16	208	95	96	.	20.66667
267	9	Do5#4	C5#4	322	322	1	8	417	95	96	.	20.77778
268	9	Re5	D5	327	327	1	8	417	95	96	.	20.88889
269	9	Do5#4	C5#4	322	322	1	16	208	95	96	.	20.94444
270	9	Si4b4	B4b4	310	310	1	16	208	95	96	.	21
271	53			0	0	0	0	0	0	0		21
272	9	La4	A4	305	305	1	16	208	95	96	.	21.05556
273	9	Si4b4	B4b4	310	310	1	16	208	95	96	.	21.11111
274	9	La4	A4	305	305	1	16	208	95	96	.	21.16667
275	9	Sol4	G4	296	296	1	16	208	95	96	.	21.22222
276	9	Fa4#4	F4#4	291	291	1	8	417	95	96	.	21.33333
277	9	Sol4	G4	296	296	1	8	417	95	96	.	21.44444
278	9	La4	A4	305	305	1	8	417	95	96	.	21.55556
279	9	Si4b4	B4b4	310	310	1	8	417	95	96	.	21.66667
280	9	Do5#4	C5#4	322	322	1	8	417	95	96	.	21.77778
281	9	Re5	D5	327	327	1	8	417	95	96	.	21.88889
282	9	Mi5	E5	336	336	1	8	417	95	96	.	22
283	53			0	0	0	0	0	0	0		22
284	9	Re5	D5	327	327	1	16	208	95	96	.	22.05556
285	9	Mi5	E5	336	336	1	16	208	95	96	.	22.11111
286	9	Fa5	F5	340	340	1	16	208	95	96	.	22.16667
287	9	Sol5	G5	349	349	1	16	208	95	96	.	22.22222
288	9	Mi5	E5	336	336	1	16	208	95	96	.	22.27778
289	9	Fa5	F5	340	340	1	16	208	95	96	.	22.33333
290	9	Re5	D5	327	327	1	16	208	95	96	.	22.38889
291	9	Mi5	E5	336	336	1	16	208	95	96	.	22.44444
292	9	Do5#4	C5#4	322	322	1	16	208	95	96	.	22.5
293	9	Si4b4	B4b4	310	310	1	16	208	95	96	.	22.55556
294	9	Si4b4	B4b4	310	310	1	16	208	95	96	.	22.61111
295	11	La4	A4	305	305	1	16	208	95	96	.	22.66667
296	9	La4	A4	305	305	3	16	625	95	96	.	22.83333
297	53			0	0	0	0	0	0	0		22.83333
298	9	Sol5	G5	349	349	1	16	208	95	96	.	22.88889
299	9	Fa5#4	F5#4	344	344	1	16	208	95	96	.	22.94444
300	9	Sol5	G5	349	349	1	16	208	95	96	.	23
301	53			0	0	0	0	0	0	0		23
302	9	La5	A5	358	358	1	4	833	95	96	.  	23.22222
303	9	Sol5	G5	349	349	3	16	625	99	96	Eb	23.38889
304	9	La5	A5	358	358	1	16	208	95	96		23.44444
305	9	La5	A5	358	358	5	8	2083	100	96	rû	24
306	9	La5	A5	358	358	1	4	833	95	96		24.22222
307	53			0	0	0	0	0	0	0		24.22222
308	9	La5	A5	358	358	1	16	208	99	96	le	24.27778
309	9	Do6	C6	371	371	1	16	208	95	96		24.33333
310	9	Si5	B5	367	367	1	16	208	99	96	ri	24.38889
311	9	La5	A5	358	358	1	16	208	95	96		24.44444
312	9	La5	A5	358	358	1	8	417	99	96	nin 	24.55556
313	9	Sol5	G5	349	349	1	8	417	99	96		24.66667
314	9	Fa5	F5	340	340	1	8	417	99	96		24.77778
315	9	Mi5	E5	336	336	1	8	417	99	96		24.88889
316	9	Re5	D5	327	327	1	16	208	99	96		24.94444
317	9	Do5#4	C5#4	322	322	1	16	208	95	96		25
318	9	Re5	D5	327	327	1	4	833	99	96	zah	25.22222
319	53			0	0	0	0	0	0	0		25.22222
320	9	Mi5	E5	336	336	1	8	417	99	96		25.33333
321	9	Fa5#4	F5#4	344	344	1	8	417	99	96		25.44444
322	9	La5	A5	358	358	1	8	417	99	96		25.55556
323	9	Sol5	G5	349	349	1	8	417	99	96		25.66667
324	9	Fa5	F5	340	340	1	8	417	99	96		25.77778
325	9	Mi5	E5	336	336	1	8	417	99	96		25.88889
326	9	Re5	D5	327	327	1	8	417	99	96		26
327	9	Do5#4	C5#4	322	322	3	16	625	99	96		26.16667
328	9	Si4b4	B4b4	310	310	1	16	208	95	96		26.22222
329	53			0	0	0	0	0	0	0		26.22222
330	9	Do5#4	C5#4	322	322	1	8	417	95	96	mý 	26.33333
331	9	Re5	D5	327	327	1	8	417	95	96	ni	26.44444
332	9	Do5#4	C5#4	322	322	1	16	208	99	96	han	26.5
333	9	Si4b4	B4b4	310	310	1	16	208	99	96		26.55556
334	9	Si4b4	B4b4	310	310	1	16	208	99	96		26.61111
335	11	La4	A4	305	305	1	16	208	99	96		26.66667
336	9	La4	A4	305	305	1	4	833	99	96		26.88889
337	9	Si4b4	B4b4	310	310	1	24	139	99	96		26.92593
338	9	La4	A4	305	305	1	24	139	99	96		26.96296
339	9	Si4b4	B4b4	310	310	1	24	139	95	96		27
340	9	Sol4	G4	296	296	1	2	1666	99	96	dýr 	27.44444
341	53			0	0	0	0	0	0	0		27.44444
342	9	Mi5	E5	336	336	1	8	417	99	96		27.55556
343	9	Fa5	F5	340	340	1	16	208	99	96		27.61111
344	9	Mi5	E5	336	336	1	16	208	99	96		27.66667
345	9	La5	A5	358	358	1	16	208	99	96		27.72222
346	9	Sol5	G5	349	349	1	16	208	99	96		27.77778
347	9	Fa5	F5	340	340	1	16	208	99	96		27.83333
348	9	Mi5	E5	336	336	1	16	208	99	96		27.88889
349	9	Re5	D5	327	327	1	8	417	99	96		28
350	9	Do5#4	C5#4	322	322	1	8	417	99	96		28.11111
351	9	Si4b4	B4b4	310	310	1	24	139	99	96		28.14815
352	9	La4	A4	305	305	1	24	139	99	96		28.18518
353	9	Si4b4	B4b4	310	310	1	24	139	95	96		28.22222
354	53			0	0	0	0	0	0	0		28.22222
355	9	Do5#4	C5#4	322	322	1	8	417	95	96	ci	28.33333
356	9	Re5	D5	327	327	1	8	417	95	96	ðe	28.44444
357	9	Do5#4	C5#4	322	322	1	16	208	99	96	rim	28.5
358	9	Si4b4	B4b4	310	310	1	16	208	99	96		28.55556
359	9	Si4b4	B4b4	310	310	1	16	208	99	96		28.61111
360	9	La4	A4	305	305	1	16	208	99	96		28.66667
361	9	La4	A4	305	305	1	4	833	99	96		28.88889
362	9	La5	A5	358	358	1	8	417	95	96		29
363	53			0	0	0	0	0	0	0		29
364	9	La5	A5	358	358	1	16	208	99	96	de 	29.05556
365	9	Sol5	G5	349	349	1	16	208	99	96		29.11111
366	9	Fa5	F5	340	340	1	16	208	99	96		29.16667
367	9	Mi5	E5	336	336	1	16	208	99	96		29.22222
368	11	Re5	D5	327	327	1	8	417	95	96		29.33333
369	53			0	0	0	0	0	0	0		29.33333
370	9	Re5	D5	327	327	1	16	208	99	96	a	29.38889
371	9	Do5#4	C5#4	322	322	1	16	208	95	96		29.44444
372	9	Do5#4	C5#4	322	322	1	16	208	99	96	man_	29.5
373	9	Si4b4	B4b4	310	310	1	16	208	95	96		29.55556
374	9	Si4b4	B4b4	310	310	1	16	208	99	96	a	29.61111
375	11	La4	A4	305	305	1	16	208	95	96		29.66667
376	9	La4	A4	305	305	3	8	1250	95	96	man  	30
377	53			0	0	0	0	0	0	0		30
378	53			0	0	0	0	0	0	0		30
379	9	La4	A4	305	305	1	16	208	95	96	SAZ 	30.05556
380	9	Si4b4	B4b4	310	310	1	16	208	95	96	.	30.11111
381	9	La4	A4	305	305	1	16	208	95	96	.	30.16667
382	9	Sol4	G4	296	296	1	16	208	95	96	.	30.22222
383	9	Fa4#4	F4#4	291	291	1	8	417	95	96	.	30.33333
384	9	Sol4	G4	296	296	1	8	417	95	96	.	30.44444
385	9	La4	A4	305	305	1	8	417	95	96	.	30.55556
386	9	Si4b4	B4b4	310	310	1	8	417	95	96	.	30.66667
387	9	Do5#4	C5#4	322	322	1	8	417	95	96	.	30.77778
388	9	Re5	D5	327	327	1	8	417	95	96	.	30.88889
389	9	Mi5	E5	336	336	1	8	417	95	96	.	31
390	9	Re5	D5	327	327	1	16	208	95	96	.	31.05556
391	9	Mi5	E5	336	336	1	16	208	95	96	.	31.11111
392	9	Fa5	F5	340	340	1	16	208	95	96	.	31.16667
393	9	Sol5	G5	349	349	1	16	208	95	96	.	31.22222
394	9	Mi5	E5	336	336	1	16	208	95	96	.	31.27778
395	9	Fa5	F5	340	340	1	16	208	95	96	.	31.33333
396	9	Re5	D5	327	327	1	16	208	95	96	.	31.38889
397	9	Mi5	E5	336	336	1	16	208	95	96	.	31.44444
398	9	Do5#4	C5#4	322	322	1	16	208	95	96	.	31.5
399	9	Re5	D5	327	327	1	16	208	95	96	.	31.55556
400	9	Do5#4	C5#4	322	322	1	16	208	95	96	.	31.61111
401	9	Si4b4	B4b4	310	310	1	16	208	95	96	.	31.66667
402	9	Do5#4	C5#4	322	322	1	8	417	95	96	.	31.77778
403	9	Re5	D5	327	327	1	8	417	95	96	.	31.88889
404	9	Do5#4	C5#4	322	322	1	16	208	95	96	.	31.94444
405	9	Si4b4	B4b4	310	310	1	16	208	95	96	.	32
406	9	La4	A4	305	305	1	16	208	95	96	.	32.05556
407	9	Si4b4	B4b4	310	310	1	16	208	95	96	.	32.11111
408	9	La4	A4	305	305	1	16	208	95	96	.	32.16667
409	9	Sol4	G4	296	296	1	16	208	95	96	.	32.22222
410	9	Fa4#4	F4#4	291	291	1	8	417	95	96	.	32.33333
411	9	Sol4	G4	296	296	1	8	417	95	96	.	32.44444
412	9	La4	A4	305	305	1	8	417	95	96	.	32.55556
413	9	Si4b4	B4b4	310	310	1	8	417	95	96	.	32.66667
414	9	Do5#4	C5#4	322	322	1	8	417	95	96	.	32.77778
415	9	Re5	D5	327	327	1	8	417	95	96	.	32.88889
416	9	Mi5	E5	336	336	1	8	417	95	96	.	33
417	9	Re5	D5	327	327	1	16	208	95	96	.	33.05556
418	9	Mi5	E5	336	336	1	16	208	95	96	.	33.11111
419	9	Fa5	F5	340	340	1	16	208	95	96	.	33.16667
420	9	Sol5	G5	349	349	1	16	208	95	96	.	33.22222
421	9	Mi5	E5	336	336	1	16	208	95	96	.	33.27778
422	9	Fa5	F5	340	340	1	16	208	95	96	.	33.33333
423	9	Re5	D5	327	327	1	16	208	95	96	.	33.38889
424	9	Mi5	E5	336	336	1	16	208	95	96	.	33.44444
425	9	Do5#4	C5#4	322	322	1	16	208	95	96	.	33.5
426	9	Re5	D5	327	327	1	16	208	95	96	.	33.55556
427	9	Do5#4	C5#4	322	322	1	16	208	95	96	.	33.61111
428	9	Si4b4	B4b4	310	310	1	16	208	95	96	.	33.66667
429	9	La4	A4	305	305	3	8	1250	95	96	.	34
430	9	La4	A4	305	305	1	16	208	95	96	SAZ 	34.05556
431	9	Si4b4	B4b4	310	310	1	16	208	95	96	.	34.11111
432	9	La4	A4	305	305	1	16	208	95	96	.	34.16667
433	9	Sol4	G4	296	296	1	16	208	95	96	.	34.22222
434	9	Fa4#4	F4#4	291	291	1	8	417	95	96	.	34.33333
435	9	Sol4	G4	296	296	1	8	417	95	96	.	34.44444
436	9	La4	A4	305	305	1	8	417	95	96	.	34.55556
437	9	Si4b4	B4b4	310	310	1	8	417	95	96	.	34.66667
438	9	Do5#4	C5#4	322	322	1	8	417	95	96	.	34.77778
439	9	Re5	D5	327	327	1	8	417	95	96	.	34.88889
440	9	Mi5	E5	336	336	1	8	417	95	96	.	35
441	9	Re5	D5	327	327	1	16	208	95	96	.	35.05556
442	9	Mi5	E5	336	336	1	16	208	95	96	.	35.11111
443	9	Fa5	F5	340	340	1	16	208	95	96	.	35.16667
444	9	Sol5	G5	349	349	1	16	208	95	96	.	35.22222
445	9	Mi5	E5	336	336	1	16	208	95	96	.	35.27778
446	9	Fa5	F5	340	340	1	16	208	95	96	.	35.33333
447	9	Re5	D5	327	327	1	16	208	95	96	.	35.38889
448	9	Mi5	E5	336	336	1	16	208	95	96	.	35.44444
449	9	Do5#4	C5#4	322	322	1	16	208	95	96	.	35.5
450	9	Re5	D5	327	327	1	16	208	95	96	.	35.55556
451	9	Do5#4	C5#4	322	322	1	16	208	95	96	.	35.61111
452	9	Si4b4	B4b4	310	310	1	16	208	95	96	.	35.66667
453	9	Do5#4	C5#4	322	322	1	8	417	95	96	.	35.77778
454	9	Re5	D5	327	327	1	8	417	95	96	.	35.88889
455	9	Do5#4	C5#4	322	322	1	16	208	95	96	.	35.94444
456	9	Si4b4	B4b4	310	310	1	16	208	95	96	.	36
457	9	La4	A4	305	305	1	16	208	95	96	.	36.05556
458	9	Si4b4	B4b4	310	310	1	16	208	95	96	.	36.11111
459	9	La4	A4	305	305	1	16	208	95	96	.	36.16667
460	9	Sol4	G4	296	296	1	16	208	95	96	.	36.22222
461	9	Fa4#4	F4#4	291	291	1	8	417	95	96	.	36.33333
462	9	Sol4	G4	296	296	1	8	417	95	96	.	36.44444
463	9	La4	A4	305	305	1	8	417	95	96	.	36.55556
464	9	Si4b4	B4b4	310	310	1	8	417	95	96	.	36.66667
465	9	Do5#4	C5#4	322	322	1	8	417	95	96	.	36.77778
466	9	Re5	D5	327	327	1	8	417	95	96	.	36.88889
467	9	Mi5	E5	336	336	1	8	417	95	96	.	37
468	9	Re5	D5	327	327	1	16	208	95	96	.	37.05556
469	9	Mi5	E5	336	336	1	16	208	95	96	.	37.11111
470	9	Fa5	F5	340	340	1	16	208	95	96	.	37.16667
471	9	Sol5	G5	349	349	1	16	208	95	96	.	37.22222
472	9	Mi5	E5	336	336	1	16	208	95	96	.	37.27778
473	9	Fa5	F5	340	340	1	16	208	95	96	.	37.33333
474	9	Re5	D5	327	327	1	16	208	95	96	.	37.38889
475	9	Mi5	E5	336	336	1	16	208	95	96	.	37.44444
476	9	Do5#4	C5#4	322	322	1	16	208	95	96	.	37.5
477	9	Re5	D5	327	327	1	16	208	95	96	.	37.55556
478	9	Do5#4	C5#4	322	322	1	16	208	95	96	.	37.61111
479	9	Si4b4	B4b4	310	310	1	16	208	95	96	.	37.66667
480	9	La4	A4	305	305	3	8	1250	95	96	.	38
481	53			0	0	0	0	0	0	0		38
482	9	Sol5	G5	349	349	1	16	125	95	96	SAZ 	38.05556
483	9	La5	A5	358	358	1	16	125	95	96	SERBEST 	38.11111
484	9	La5	A5	358	358	1	16	125	95	96	.	38.16667
485	9	Sol5	G5	349	349	1	16	125	95	96	.	38.22222
486	9	Fa5#4	F5#4	344	344	1	16	125	95	96	.	38.27778
487	9	Mi5#4	E5#4	340	340	1	16	125	95	96	.	38.33333
488	9	Fa5#4	F5#4	344	344	1	16	125	95	96	.	38.38889
489	9	Mi5#4	E5#4	340	340	1	16	125	95	96	.	38.44444
490	9	Fa5#4	F5#4	344	344	1	8	250	95	96	.	38.55556
491	53			0	0	0	0	0	0	0		38.55556
492	9	Sol5	G5	349	349	1	8	250	95	96	Sev	38.66667
493	9	La5	A5	358	358	1	8	250	95	96	dâ-	38.77778
494	9	La5	A5	358	358	1	8	250	95	96	yý 	38.88889
495	9	La5	A5	358	358	1	8	250	95	96	mu	39
496	9	La5	A5	358	358	1	4	500	95	96	hab	39.22222
497	9	La5	A5	358	358	1	8	250	95	96	bet 	39.33333
498	9	La5	A5	358	358	1	8	250	95	96	e	39.44444
499	9	La5	A5	358	358	1	8	250	95	96	di	39.55556
500	9	La5	A5	358	358	1	4	500	95	96	yor 	39.77778
501	9	La5	A5	358	358	1	4	500	95	96	þim	40
502	53			0	0	0	0	0	0	0		40
503	9	Do6	C6	371	371	1	4	500	95	96	di 	40.22222
504	9	Si5b1	B5b1	366	366	1	16	125	99	96	se	40.27778
505	9	La5	A5	358	358	1	16	125	95	96		40.33333
506	9	La5	A5	358	358	3	16	375	99	96	rim	40.5
507	9	Sol5	G5	349	349	1	16	125	95	96		40.55556
508	9	La5	A5	358	358	1	16	125	99	96	de  	40.61111
509	9	Sol5	G5	349	349	1	16	125	99	96		40.66667
510	9	Fa5	F5	340	340	1	16	125	99	96		40.72222
511	9	Mi5	E5	336	336	1	16	125	99	96		40.77778
512	9	Re5	D5	327	327	1	4	500	95	96		41
513	53			0	0	0	0	0	0	0		41
514	9	Sol5	G5	349	349	1	8	250	99	96	Tak	41.11111
515	9	La5	A5	358	358	1	8	250	95	96		41.22222
516	9	La5	A5	358	358	1	4	500	95	96	dî	41.44444
517	9	Do6	C6	371	371	1	8	250	95	96	re 	41.55556
518	9	Si5b1	B5b1	366	366	1	16	125	99	96	ne 	41.61111
519	9	La5	A5	358	358	1	16	125	95	96		41.66667
520	9	La5	A5	358	358	3	16	375	99	96	ça	41.83333
521	9	Sol5	G5	349	349	1	16	125	99	96		41.88889
522	9	La5	A5	358	358	1	16	125	99	96		41.94444
523	9	Sol5	G5	349	349	1	16	125	99	96		42
524	9	Fa5	F5	340	340	1	16	125	99	96		42.05556
525	9	Mi5	E5	336	336	1	16	125	99	96		42.11111
526	9	Re5	D5	327	327	1	4	500	95	96		42.33333
527	53			0	0	0	0	0	0	0		42.33333
528	9	Mi5	E5	336	336	1	8	250	99	96	re 	42.44444
529	9	Fa5#4	F5#4	344	344	1	8	250	99	96		42.55556
530	9	La5	A5	358	358	1	8	250	99	96		42.66667
531	9	Sol5	G5	349	349	1	8	250	99	96		42.77778
532	9	Fa5	F5	340	340	1	12	167	99	96		42.85185
533	9	Mi5	E5	336	336	1	12	167	99	96		42.92593
534	9	Re5	D5	327	327	1	12	167	99	96		43
535	51			0	0	9	8	0	20	0	Aksak	43
536	9	Do5#4	C5#4	322	322	1	8	208	99	96		43.11111
537	9	Si4b4	B4b4	310	310	1	24	69	99	96		43.14815
538	9	La4	A4	305	305	1	24	69	99	96		43.18518
539	9	Si4b4	B4b4	310	310	1	24	69	95	96		43.22222
540	53			0	0	0	0	0	0	0		43.22222
541	9	Do5#4	C5#4	322	322	1	8	208	95	96	bu 	43.33333
542	9	Re5	D5	327	327	1	8	208	95	96	da 	43.44444
543	9	Do5#4	C5#4	322	322	1	16	104	99	96	var	43.5
544	9	Si4b4	B4b4	310	310	1	16	104	99	96		43.55556
545	9	Si4b4	B4b4	310	310	1	16	104	99	96		43.61111
546	9	La4	A4	305	305	1	16	104	99	96		43.66667
547	9	La4	A4	305	305	1	4	417	99	96		43.88889
548	9	Si4b4	B4b4	310	310	1	24	69	99	96		43.92593
549	9	La4	A4	305	305	1	24	69	99	96		43.96296
550	9	Si4b4	B4b4	310	310	1	24	69	95	96		44
551	9	Sol4	G4	296	296	1	2	834	99	96	mýþ 	44.44444
552	53			0	0	0	0	0	0	0		44.44444
553	9	Mi5	E5	336	336	1	8	208	99	96		44.55556
554	9	Fa5	F5	340	340	1	16	104	99	96		44.61111
555	9	Mi5	E5	336	336	1	16	104	99	96		44.66667
556	9	La5	A5	358	358	1	16	104	99	96		44.72222
557	9	Sol5	G5	349	349	1	16	104	99	96		44.77778
558	9	Fa5	F5	340	340	1	16	104	99	96		44.83333
559	9	Mi5	E5	336	336	1	16	104	99	96		44.88889
560	9	Re5	D5	327	327	1	8	208	99	96		45
561	9	Do5#4	C5#4	322	322	1	8	208	99	96		45.11111
562	9	Si4b4	B4b4	310	310	1	24	69	99	96		45.14815
563	9	La4	A4	305	305	1	24	69	99	96		45.18518
564	9	Si4b4	B4b4	310	310	1	24	69	95	96		45.22222
565	53			0	0	0	0	0	0	0		45.22222
566	9	Do5#4	C5#4	322	322	1	8	208	95	96	ka	45.33333
567	9	Re5	D5	327	327	1	8	208	95	96	de	45.44444
568	9	Do5#4	C5#4	322	322	1	16	104	99	96	rim	45.5
569	9	Si4b4	B4b4	310	310	1	16	104	99	96		45.55556
570	9	Si4b4	B4b4	310	310	1	16	104	99	96		45.61111
571	9	La4	A4	305	305	1	16	104	99	96		45.66667
572	9	La4	A4	305	305	1	4	417	99	96		45.88889
573	9	La5	A5	358	358	1	8	208	95	96		46
574	53			0	0	0	0	0	0	0		46
575	9	La5	A5	358	358	1	16	104	99	96	de 	46.05556
576	9	Sol5	G5	349	349	1	16	104	99	96		46.11111
577	9	Fa5	F5	340	340	1	16	104	99	96		46.16667
578	9	Mi5	E5	336	336	1	16	104	99	96		46.22222
579	11	Re5	D5	327	327	1	8	208	95	96		46.33333
580	53			0	0	0	0	0	0	0		46.33333
581	9	Re5	D5	327	327	1	16	104	99	96	a	46.38889
582	9	Do5#4	C5#4	322	322	1	16	104	95	96		46.44444
583	9	Do5#4	C5#4	322	322	1	16	104	99	96	man_	46.5
584	9	Si4b4	B4b4	310	310	1	16	104	95	96		46.55556
585	9	Si4b4	B4b4	310	310	1	16	104	99	96	a	46.61111
586	9	La4	A4	305	305	1	16	104	95	96		46.66667
587	9	La4	A4	305	305	3	8	625	95	96	man  	47
588	53			0	0	0	0	0	0	0		47
