Sýra	Kod	Nota53	NotaAE	Koma53	KomaAE	Pay	Payda	Ms	LNS	Bas	Soz1	Offset
1	9	Sol5	G5	349	349	1	8	455	95	96		5.555556E-02
2	9	La5	A5	358	358	1	4	909	95	96		0.1666667
3	9	Sol5	G5	349	349	1	16	227	95	96	ARANAÐME 	0.1944444
4	9	Fa5#4	F5#4	344	344	1	16	227	95	96	.	0.2222222
5	9	Mi5	E5	336	336	1	16	227	95	96	.	0.25
6	9	Fa5#4	F5#4	344	344	1	16	227	95	96	.	0.2777778
7	9	Sol5	G5	349	349	1	4	909	95	96	.	0.3888889
8	9	Fa5#4	F5#4	344	344	1	16	227	95	96	.	0.4166667
9	9	Mi5	E5	336	336	1	16	227	95	96	.	0.4444444
10	9	Re5	D5	327	327	1	16	227	95	96	.	0.4722222
11	9	Mi5	E5	336	336	1	16	227	95	96	.	0.5
12	9	Fa5#4	F5#4	344	344	1	16	227	95	96	.	0.5277778
13	9	Sol5	G5	349	349	1	16	227	95	96	.	0.5555556
14	9	La5	A5	358	358	1	16	227	95	96	.	0.5833333
15	9	Fa5#4	F5#4	344	344	1	16	227	95	96	.	0.6111111
16	9	Sol5	G5	349	349	1	16	227	95	96	.	0.6388889
17	9	Mi5	E5	336	336	1	16	227	95	96	.	0.6666667
18	9	Re5	D5	327	327	1	4	909	95	96	.	0.7777778
19	53			0	0	0	0	0	0	0		0.7777778
20	9	Do6	C6	371	371	3	32	341	95	96	.	0.8194444
21	9	Si5	B5	367	367	1	32	114	95	96	.	0.8333333
22	9	La5	A5	358	358	1	16	227	95	96	.	0.8611111
23	9	Si5	B5	367	367	1	16	227	95	96	.	0.8888889
24	9	La5	A5	358	358	1	4	909	95	96	.	1
25	53			0	0	0	0	0	0	0		1
26	9	La5	A5	358	358	1	8	455	95	96	.	1.055556
27	9	Re6	D6	380	380	1	4	909	95	96	.	1.166667
28	9	Do6	C6	371	371	1	16	227	95	96	.	1.194444
29	9	Si5	B5	367	367	1	16	227	95	96	.	1.222222
30	9	Si5	B5	367	367	1	16	227	95	96	.	1.25
31	9	La5	A5	358	358	1	16	227	95	96	.	1.277778
32	9	La5	A5	358	358	1	16	227	95	96	.	1.305556
33	9	Sol5	G5	349	349	1	16	227	95	96	.	1.333333
34	9	Fa5#4	F5#4	344	344	1	16	227	95	96	.	1.361111
35	9	Mi5	E5	336	336	1	16	227	95	96	.	1.388889
36	9	Re5	D5	327	327	1	8	455	95	96	.	1.444444
37	53			0	0	0	0	0	0	0		1.444444
38	9	Mi5	E5	336	336	3	16	682	95	96	.	1.527778
39	9	Fa5#4	F5#4	344	344	1	16	227	95	96	.	1.555556
40	9	Sol5	G5	349	349	3	32	341	95	96	.	1.597222
41	9	Si5	B5	367	367	1	32	114	95	96	.	1.611111
42	9	La5	A5	358	358	1	16	227	95	96	.	1.638889
43	9	Sol5	G5	349	349	1	16	227	95	96	.	1.666667
44	9	Fa5#4	F5#4	344	344	3	16	682	95	96	.	1.75
45	9	Mi5	E5	336	336	1	16	227	95	96	.	1.777778
46	9	Mi5	E5	336	336	1	8	455	95	96	.	1.833333
47	8	Fa5#4	F5#4	344	344	0	0	0	95	96	.	1.833333
48	9	Mi5	E5	336	336	1	16	227	95	96	.	1.861111
49	9	Re5	D5	327	327	1	16	227	95	96	.	1.888889
50	9	Re5	D5	327	327	1	4	909	95	96	.	2
51	53			0	0	0	0	0	0	0		2
52	9	Re5	D5	327	327	1	16	227	95	96	.	2.027778
53	9	Mi5	E5	336	336	1	16	227	95	96	.	2.055556
54	9	Fa5#4	F5#4	344	344	1	16	227	95	96	.	2.083333
55	9	Sol5	G5	349	349	1	16	227	95	96	.	2.111111
56	9	La5	A5	358	358	1	4	909	95	96	.	2.222222
57	53			0	0	0	0	0	0	0		2.222222
58	9	Sol5	G5	349	349	1	16	227	95	96	.	2.25
59	9	Fa5#4	F5#4	344	344	1	16	227	95	96	.	2.277778
60	9	Mi5	E5	336	336	1	16	227	95	96	.	2.305556
61	9	Fa5#4	F5#4	344	344	1	16	227	95	96	.	2.333333
62	9	Sol5	G5	349	349	1	4	909	95	96	.	2.444444
63	53			0	0	0	0	0	0	0		2.444444
64	9	Fa5	F5	340	340	1	16	227	95	96	.	2.472222
65	9	Mi5	E5	336	336	1	16	227	95	96	.	2.5
66	9	Re5	D5	327	327	1	16	227	95	96	.	2.527778
67	9	Mi5	E5	336	336	1	16	227	95	96	.	2.555556
68	9	Fa5	F5	340	340	1	4	909	95	96	.	2.666667
69	53			0	0	0	0	0	0	0		2.666667
70	9	Mi5	E5	336	336	1	16	227	95	96	.	2.694444
71	9	Re5	D5	327	327	1	16	227	95	96	.	2.722222
72	9	Do5#4	C5#4	322	322	1	16	227	95	96	.	2.75
73	9	Re5	D5	327	327	1	16	227	95	96	.	2.777778
74	9	Mi5	E5	336	336	1	16	227	95	96	.	2.805556
75	9	Fa5	F5	340	340	1	16	227	95	96	.	2.833333
76	9	Mi5	E5	336	336	1	16	227	95	96	.	2.861111
77	9	Re5	D5	327	327	1	16	227	95	96	.	2.888889
78	9	Do5#4	C5#4	322	322	1	16	227	95	96	.	2.916667
79	9	Re5	D5	327	327	1	16	227	95	96	.	2.944444
80	9	Do5#4	C5#4	322	322	1	16	227	95	96	.	2.972222
81	9	Si4b4	B4b4	310	310	1	16	227	95	96	.	3
82	9	La4	A4	305	305	1	8	455	95	96	.	3.055556
83	53			0	0	0	0	0	0	0		3.055556
84	9	Mi5	E5	336	336	1	4	909	95	96	.	3.166667
85	9	Do5#4	C5#4	322	322	1	16	227	95	96	.	3.194444
86	9	Si4b4	B4b4	310	310	1	16	227	95	96	.	3.222222
87	9	La4	A4	305	305	1	8	455	95	96	.	3.277778
88	53			0	0	0	0	0	0	0		3.277778
89	9	Fa5	F5	340	340	1	4	909	95	96	.	3.388889
90	9	Mi5	E5	336	336	1	16	227	95	96	.	3.416667
91	9	Re5	D5	327	327	1	16	227	95	96	.	3.444444
92	9	Do5#4	C5#4	322	322	3	16	682	95	96	.	3.527778
93	9	Re5	D5	327	327	1	16	227	95	96	.	3.555556
94	9	Do5#4	C5#4	322	322	1	16	227	95	96	.	3.583333
95	9	Si4b4	B4b4	310	310	1	16	227	95	96	.	3.611111
96	9	Si4b4	B4b4	310	310	1	16	227	95	96	.	3.638889
97	9	La4	A4	305	305	1	16	227	95	96	.	3.666667
98	9	La4	A4	305	305	1	4	909	95	96	.	3.777778
99	53			0	0	0	0	0	0	0		3.777778
100	9	Re5	D5	327	327	1	16	227	95	96	.	3.805556
101	9	Mi5	E5	336	336	1	16	227	95	96	.	3.833333
102	9	Fa5#4	F5#4	344	344	1	16	227	95	96	.	3.861111
103	9	Sol5	G5	349	349	1	16	227	95	96	.	3.888889
104	9	La5	A5	358	358	1	4	909	95	96	.	4
105	53			0	0	0	0	0	0	0		4
106	9	Sol5	G5	349	349	1	8	455	95	96		4.055555
107	9	La5	A5	358	358	1	4	909	95	96		4.166667
108	9	Sol5	G5	349	349	1	16	227	95	96	ARANAÐME 	4.194445
109	9	Fa5#4	F5#4	344	344	1	16	227	95	96	.	4.222222
110	9	Mi5	E5	336	336	1	16	227	95	96	.	4.25
111	9	Fa5#4	F5#4	344	344	1	16	227	95	96	.	4.277778
112	9	Sol5	G5	349	349	1	4	909	95	96	.	4.388889
113	9	Fa5#4	F5#4	344	344	1	16	227	95	96	.	4.416667
114	9	Mi5	E5	336	336	1	16	227	95	96	.	4.444445
115	9	Re5	D5	327	327	1	16	227	95	96	.	4.472222
116	9	Mi5	E5	336	336	1	16	227	95	96	.	4.5
117	9	Fa5#4	F5#4	344	344	1	16	227	95	96	.	4.527778
118	9	Sol5	G5	349	349	1	16	227	95	96	.	4.555555
119	9	La5	A5	358	358	1	16	227	95	96	.	4.583333
120	9	Fa5#4	F5#4	344	344	1	16	227	95	96	.	4.611111
121	9	Sol5	G5	349	349	1	16	227	95	96	.	4.638889
122	9	Mi5	E5	336	336	1	16	227	95	96	.	4.666667
123	9	Re5	D5	327	327	1	4	909	95	96	.	4.777778
124	53			0	0	0	0	0	0	0		4.777778
125	9	Do6	C6	371	371	3	32	341	95	96	.	4.819445
126	9	Si5	B5	367	367	1	32	114	95	96	.	4.833333
127	9	La5	A5	358	358	1	16	227	95	96	.	4.861111
128	9	Si5	B5	367	367	1	16	227	95	96	.	4.888889
129	9	La5	A5	358	358	1	4	909	95	96	.	5
130	53			0	0	0	0	0	0	0		5
131	9	La5	A5	358	358	1	8	455	95	96	.	5.055555
132	9	Re6	D6	380	380	1	4	909	95	96	.	5.166667
133	9	Do6	C6	371	371	1	16	227	95	96	.	5.194445
134	9	Si5	B5	367	367	1	16	227	95	96	.	5.222222
135	9	Si5	B5	367	367	1	16	227	95	96	.	5.25
136	9	La5	A5	358	358	1	16	227	95	96	.	5.277778
137	9	La5	A5	358	358	1	16	227	95	96	.	5.305555
138	9	Sol5	G5	349	349	1	16	227	95	96	.	5.333333
139	9	Fa5#4	F5#4	344	344	1	16	227	95	96	.	5.361111
140	9	Mi5	E5	336	336	1	16	227	95	96	.	5.388889
141	9	Re5	D5	327	327	1	8	455	95	96	.	5.444445
142	53			0	0	0	0	0	0	0		5.444445
143	9	Mi5	E5	336	336	3	16	682	95	96	.	5.527778
144	9	Fa5#4	F5#4	344	344	1	16	227	95	96	.	5.555555
145	9	Sol5	G5	349	349	3	32	341	95	96	.	5.597222
146	9	Si5	B5	367	367	1	32	114	95	96	.	5.611111
147	9	La5	A5	358	358	1	16	227	95	96	.	5.638889
148	9	Sol5	G5	349	349	1	16	227	95	96	.	5.666667
149	9	Fa5#4	F5#4	344	344	3	16	682	95	96	.	5.75
150	9	Mi5	E5	336	336	1	16	227	95	96	.	5.777778
151	9	Mi5	E5	336	336	1	8	455	95	96	.	5.833333
152	8	Fa5#4	F5#4	344	344	0	0	0	95	96	.	5.833333
153	9	Mi5	E5	336	336	1	16	227	95	96	.	5.861111
154	9	Re5	D5	327	327	1	16	227	95	96	.	5.888889
155	9	Re5	D5	327	327	1	4	909	95	96	.	6
156	53			0	0	0	0	0	0	0		6
157	9	Re5	D5	327	327	1	16	227	95	96	.	6.027778
158	9	Mi5	E5	336	336	1	16	227	95	96	.	6.055555
159	9	Fa5#4	F5#4	344	344	1	16	227	95	96	.	6.083333
160	9	Sol5	G5	349	349	1	16	227	95	96	.	6.111111
161	9	La5	A5	358	358	1	4	909	95	96	.	6.222222
162	53			0	0	0	0	0	0	0		6.222222
163	9	Sol5	G5	349	349	1	16	227	95	96	.	6.25
164	9	Fa5#4	F5#4	344	344	1	16	227	95	96	.	6.277778
165	9	Mi5	E5	336	336	1	16	227	95	96	.	6.305555
166	9	Fa5#4	F5#4	344	344	1	16	227	95	96	.	6.333333
167	9	Sol5	G5	349	349	1	4	909	95	96	.	6.444445
168	53			0	0	0	0	0	0	0		6.444445
169	9	Fa5	F5	340	340	1	16	227	95	96	.	6.472222
170	9	Mi5	E5	336	336	1	16	227	95	96	.	6.5
171	9	Re5	D5	327	327	1	16	227	95	96	.	6.527778
172	9	Mi5	E5	336	336	1	16	227	95	96	.	6.555555
173	9	Fa5	F5	340	340	1	4	909	95	96	.	6.666667
174	53			0	0	0	0	0	0	0		6.666667
175	9	Mi5	E5	336	336	1	16	227	95	96	.	6.694445
176	9	Re5	D5	327	327	1	16	227	95	96	.	6.722222
177	9	Do5#4	C5#4	322	322	1	16	227	95	96	.	6.75
178	9	Re5	D5	327	327	1	16	227	95	96	.	6.777778
179	9	Mi5	E5	336	336	1	16	227	95	96	.	6.805555
180	9	Fa5	F5	340	340	1	16	227	95	96	.	6.833333
181	9	Mi5	E5	336	336	1	16	227	95	96	.	6.861111
182	9	Re5	D5	327	327	1	16	227	95	96	.	6.888889
183	9	Do5#4	C5#4	322	322	1	16	227	95	96	.	6.916667
184	9	Re5	D5	327	327	1	16	227	95	96	.	6.944445
185	9	Do5#4	C5#4	322	322	1	16	227	95	96	.	6.972222
186	9	Si4b4	B4b4	310	310	1	16	227	95	96	.	7
187	9	La4	A4	305	305	1	8	455	95	96	.	7.055555
188	9	Mi5	E5	336	336	1	4	909	95	96	.	7.166667
189	9	Do5#4	C5#4	322	322	1	16	227	95	96	.	7.194445
190	9	Si4b4	B4b4	310	310	1	16	227	95	96	.	7.222222
191	9	La4	A4	305	305	1	8	455	95	96	.	7.277778
192	53			0	0	0	0	0	0	0		7.277778
193	9	Fa5	F5	340	340	1	4	909	95	96	.	7.388889
194	9	Mi5	E5	336	336	1	16	227	95	96	.	7.416667
195	9	Re5	D5	327	327	1	16	227	95	96	.	7.444445
196	9	Do5#4	C5#4	322	322	3	16	682	95	96	.	7.527778
197	9	Re5	D5	327	327	1	16	227	95	96	.	7.555555
198	9	Do5#4	C5#4	322	322	1	16	227	95	96	.	7.583333
199	9	Si4b4	B4b4	310	310	1	16	227	95	96	.	7.611111
200	9	Si4b4	B4b4	310	310	1	16	227	95	96	.	7.638889
201	9	La4	A4	305	305	1	16	227	95	96	.	7.666667
202	9	La4	A4	305	305	3	4	2727	95	96	.	8
203	53			0	0	0	0	0	0	0		8
204	9	La4	A4	305	305	3	16	682	95	96	SAZ 	8.083333
205	9	Si4b4	B4b4	310	310	1	16	227	95	96	.	8.111111
206	9	La4	A4	305	305	1	16	227	95	96	.	8.138889
207	9	Sol4	G4	296	296	1	16	227	95	96	.	8.166667
208	9	La4	A4	305	305	1	8	455	95	96	.	8.222222
209	9			-1	-1	1	8	455	100	0		8.277778
210	53			0	0	0	0	0	0	0		8.277778
211	9	Re5	D5	327	327	1	4	909	95	96	Bak 	8.388889
212	9	Mi5	E5	336	336	1	8	455	95	96	ne 	8.444445
213	9	Mi5	E5	336	336	1	2	1818	95	96	ha	8.666667
214	53			0	0	0	0	0	0	0		8.666667
215	9	Mi5	E5	336	336	1	8	455	99	96	le 	8.722222
216	9	Fa5	F5	340	340	1	16	227	99	96		8.75
217	9	Mi5	E5	336	336	1	16	227	99	96		8.777778
218	9	Re5	D5	327	327	1	8	455	99	96		8.833333
219	9	Fa5#4	F5#4	344	344	1	8	455	99	96		8.888889
220	9	Mi5	E5	336	336	1	8	455	99	96		8.944445
221	9	Sol5	G5	349	349	1	8	455	99	96		9
222	9	Sol5	G5	349	349	1	16	227	99	96		9.027778
223	9	Fa5	F5	340	340	1	16	227	99	96		9.055555
224	9	Fa5	F5	340	340	1	16	227	99	96		9.083333
225	9	Mi5	E5	336	336	1	16	227	99	96		9.111111
226	9	Mi5	E5	336	336	1	16	227	99	96		9.138889
227	9	Re5	D5	327	327	1	16	227	99	96		9.166667
228	9	Re5	D5	327	327	1	16	227	99	96		9.194445
229	9	Do5#4	C5#4	322	322	1	16	227	99	96		9.222222
230	9	Do5#4	C5#4	322	322	1	8	455	95	96		9.277778
231	53			0	0	0	0	0	0	0		9.277778
232	9	Re5	D5	327	327	1	4	909	95	96	koy	9.388889
233	9	Sol5	G5	349	349	1	8	455	95	96	du 	9.444445
234	9	Sol5	G5	349	349	1	16	227	99	96	bu 	9.472222
235	9	Fa5	F5	340	340	1	16	227	99	96		9.5
236	9	Fa5	F5	340	340	1	16	227	99	96		9.527778
237	9	Mi5	E5	336	336	1	16	227	99	96		9.555555
238	9	Mi5	E5	336	336	1	16	227	99	96		9.583333
239	9	Re5	D5	327	327	1	16	227	99	96		9.611111
240	9	Re5	D5	327	327	1	16	227	99	96		9.638889
241	9	Mi5	E5	336	336	1	16	227	95	96		9.666667
242	54			0	0	0	0	0	0	0	niþabur@si	9.666667
243	9	Re5	D5	327	327	1	16	227	99	96	baht_	9.694445
244	9	Do5#4	C5#4	322	322	1	16	227	99	96		9.722222
245	9	Si4	B4	314	314	1	16	227	99	96		9.75
246	9	Do5#4	C5#4	322	322	1	16	227	99	96		9.777778
247	9	Re5	D5	327	327	1	2	1818	99	96		10
248	55			0	0	0	0	0	0	0		10
249	9	Re5	D5	327	327	1	8	455	95	96		10.05556
250	53			0	0	0	0	0	0	0		10.05556
251	9	Re5	D5	327	327	1	16	227	99	96	ý 	10.08333
252	9	Mi5	E5	336	336	1	16	227	99	96		10.11111
253	9	Re5	D5	327	327	1	8	455	99	96		10.16667
254	9	Mi5	E5	336	336	1	8	455	99	96		10.22222
255	9	Fa5#4	F5#4	344	344	1	8	455	99	96		10.27778
256	9	Sol5	G5	349	349	1	8	455	99	96		10.33333
257	9	La5	A5	358	358	1	8	455	99	96		10.38889
258	9	Si5	B5	367	367	1	8	455	99	96		10.44444
259	9	La5	A5	358	358	3	16	682	99	96		10.52778
260	9	Sol5	G5	349	349	1	16	227	99	96		10.55556
261	9	Fa5#4	F5#4	344	344	1	8	455	99	96		10.61111
262	9	La5	A5	358	358	1	8	455	99	96		10.66667
263	9	La5	A5	358	358	1	16	227	99	96		10.69444
264	9	Sol5	G5	349	349	1	8	455	99	96		10.75
265	9	Fa5#4	F5#4	344	344	1	16	227	99	96		10.77778
266	9	Mi5	E5	336	336	1	8	455	99	96		10.83333
267	9	Sol5	G5	349	349	1	8	455	95	96		10.88889
268	9	Fa5	F5	340	340	1	8	455	99	96	si	10.94444
269	9	Mi5	E5	336	336	1	8	455	95	96		11
270	53			0	0	0	0	0	0	0		11
271	9	Re5	D5	327	327	1	8	455	99	96	yâh  	11.05556
272	9	Do5#4	C5#4	322	322	1	16	227	99	96		11.08333
273	9	Re5	D5	327	327	1	16	227	99	96		11.11111
274	9	Mi5	E5	336	336	1	8	455	99	96		11.16667
275	9	Re5	D5	327	327	1	16	227	99	96		11.19444
276	9	Mi5	E5	336	336	1	16	227	99	96		11.22222
277	9	Fa5	F5	340	340	1	8	455	99	96		11.27778
278	8	Sol5	G5	349	349	0	0	0	99	96		11.27778
279	9	Fa5	F5	340	340	1	16	227	99	96		11.30556
280	9	Mi5	E5	336	336	1	16	227	99	96		11.33333
281	9	Mi5	E5	336	336	1	8	455	99	96		11.38889
282	8	Fa5	F5	340	340	0	0	0	99	96		11.38889
283	9	Mi5	E5	336	336	1	16	227	99	96		11.41667
284	9	Re5	D5	327	327	1	16	227	99	96		11.44444
285	9	Re5	D5	327	327	1	8	455	99	96		11.5
286	8	Mi5	E5	336	336	0	0	0	99	96		11.5
287	9	Re5	D5	327	327	1	16	227	99	96		11.52778
288	9	Do5#4	C5#4	322	322	1	16	227	99	96		11.55556
289	9	Si4b4	B4b4	310	310	1	8	455	99	96		11.61111
290	8	Mi5	E5	336	336	0	0	0	99	96		11.61111
291	9	Re5	D5	327	327	1	16	227	99	96		11.63889
292	9	Do5#4	C5#4	322	322	1	16	227	99	96		11.66667
293	9	Do5#4	C5#4	322	322	3	8	1364	95	96		11.83333
294	53			0	0	0	0	0	0	0		11.83333
295	9	Do5#4	C5#4	322	322	1	16	227	95	96	SAZ 	11.86111
296	9	Re5	D5	327	327	1	16	227	95	96	.	11.88889
297	9	Do5#4	C5#4	322	322	1	16	227	95	96	.	11.91667
298	9	Si4b4	B4b4	310	310	1	16	227	95	96	.	11.94444
299	9	La4	A4	305	305	1	16	227	95	96	.	11.97222
300	9	Si4b4	B4b4	310	310	1	16	227	95	96	.	12
301	9	Do5#4	C5#4	322	322	3	16	682	95	96	.	12.08333
302	9	Re5	D5	327	327	1	16	227	95	96	.	12.11111
303	9	Do5#4	C5#4	322	322	1	16	227	95	96	.	12.13889
304	9	Mi5	E5	336	336	1	16	227	95	96	.	12.16667
305	9	Re5	D5	327	327	1	8	455	95	96	.	12.22222
306	9			-1	-1	1	8	455	100	0		12.27778
307	53			0	0	0	0	0	0	0		12.27778
308	9	Re5	D5	327	327	1	4	909	95	96	Bah	12.38889
309	9	La5	A5	358	358	1	8	455	95	96	ti	12.44444
310	9	La5	A5	358	358	1	16	227	99	96	yâr 	12.47222
311	9	Sol5	G5	349	349	1	16	227	99	96		12.5
312	9	Sol5	G5	349	349	1	16	227	99	96		12.52778
313	9	Fa5#4	F5#4	344	344	1	16	227	99	96		12.55556
314	9	Mi5	E5	336	336	1	8	455	99	96		12.61111
315	9	Fa5#4	F5#4	344	344	1	8	455	95	96		12.66667
316	9	Sol5	G5	349	349	3	16	682	99	96	ol	12.75
317	9	Si5	B5	367	367	1	16	227	99	96		12.77778
318	9	La5	A5	358	358	1	8	455	99	96		12.83333
319	9	Sol5	G5	349	349	1	8	455	99	96		12.88889
320	9	Fa5#4	F5#4	344	344	1	8	455	99	96		12.94444
321	9	Mi5	E5	336	336	1	16	227	99	96		12.97222
322	9	Fa5#4	F5#4	344	344	1	16	227	99	96		13
323	9	La5	A5	358	358	1	16	227	99	96		13.02778
324	9	Sol5	G5	349	349	1	16	227	99	96		13.05556
325	9	Fa5	F5	340	340	1	16	227	99	96		13.08333
326	9	Mi5	E5	336	336	1	16	227	99	96		13.11111
327	9	Re5	D5	327	327	1	16	227	99	96		13.13889
328	9	Do5#4	C5#4	322	322	1	16	227	99	96		13.16667
329	9	Re5	D5	327	327	1	8	455	95	96		13.22222
330	9			-1	-1	1	8	455	100	0		13.27778
331	53			0	0	0	0	0	0	0		13.27778
332	9	Mi5	E5	336	336	1	8	455	99	96	mak 	13.33333
333	9	Fa5#4	F5#4	344	344	1	8	455	95	96		13.38889
334	9	Sol5	G5	349	349	1	8	455	95	96	ne 	13.44444
335	9	Sol5	G5	349	349	1	16	227	99	96	güç 	13.47222
336	9	Fa5	F5	340	340	1	16	227	99	96		13.5
337	9	Fa5	F5	340	340	1	16	227	99	96		13.52778
338	9	Mi5	E5	336	336	1	16	227	99	96		13.55556
339	9	Mi5	E5	336	336	1	16	227	99	96		13.58333
340	9	Fa5	F5	340	340	1	16	227	99	96		13.61111
341	9	Mi5	E5	336	336	1	16	227	99	96		13.63889
342	9	Re5	D5	327	327	1	16	227	95	96		13.66667
343	9	Do5#4	C5#4	322	322	1	16	227	99	96	â	13.69444
344	9	Re5	D5	327	327	1	16	227	99	96		13.72222
345	9	Do5#4	C5#4	322	322	1	16	227	99	96		13.75
346	9	Si4b4	B4b4	310	310	1	16	227	99	96		13.77778
347	9	Do5#4	C5#4	322	322	1	16	227	99	96		13.80556
348	9	Re5	D5	327	327	1	16	227	99	96		13.83333
349	9	Mi5	E5	336	336	1	16	227	99	96		13.86111
350	9	Fa5	F5	340	340	1	16	227	99	96		13.88889
351	9	Mi5	E5	336	336	1	16	227	99	96		13.91667
352	9	Re5	D5	327	327	1	16	227	99	96		13.94444
353	9	Do5#4	C5#4	322	322	1	16	227	99	96		13.97222
354	9	Si4b4	B4b4	310	310	1	16	227	99	96		14
355	9	La4	A4	305	305	1	8	455	95	96		14.05556
356	53			0	0	0	0	0	0	0		14.05556
357	9	La4	A4	305	305	1	4	909	99	96	lem	14.16667
358	9	Do5#4	C5#4	322	322	1	4	910	99	96		14.27778
359	9	Si4b4	B4b4	310	310	1	4	909	99	96		14.38889
360	9	Re5	D5	327	327	1	4	910	99	96		14.5
361	9	Do5#4	C5#4	322	322	1	16	227	99	96		14.52778
362	9	Re5	D5	327	327	1	16	227	99	96		14.55556
363	9	Do5#4	C5#4	322	322	1	16	227	99	96		14.58333
364	9	Re5	D5	327	327	1	16	227	99	96		14.61111
365	9	Mi5	E5	336	336	1	16	227	99	96		14.63889
366	9	Fa5	F5	340	340	1	16	227	99	96		14.66667
367	9	Mi5	E5	336	336	1	16	227	99	96		14.69444
368	9	Re5	D5	327	327	1	16	227	99	96		14.72222
369	9	Re5	D5	327	327	1	16	227	99	96		14.75
370	9	Do5#4	C5#4	322	322	1	16	227	99	96		14.77778
371	9	Re5	D5	327	327	1	4	909	95	96		14.88889
372	53			0	0	0	0	0	0	0		14.88889
373	9	Mi5	E5	336	336	1	8	455	99	96	de 	14.94444
374	9	Fa5#4	F5#4	344	344	1	8	455	95	96		15
375	9	Sol5	G5	349	349	1	8	455	99	96	âh  	15.05556
376	9	Fa5	F5	340	340	1	16	227	99	96		15.08333
377	9	Mi5	E5	336	336	1	16	227	99	96		15.11111
378	9	Fa5	F5	340	340	1	8	455	99	96		15.16667
379	9	Mi5	E5	336	336	1	16	227	99	96		15.19444
380	9	Re5	D5	327	327	1	16	227	99	96		15.22222
381	9	Mi5	E5	336	336	1	8	455	99	96		15.27778
382	9	Re5	D5	327	327	1	16	227	99	96		15.30556
383	9	Do5#4	C5#4	322	322	1	16	227	99	96		15.33333
384	9	Do5#4	C5#4	322	322	1	16	227	99	96		15.36111
385	9	Re5	D5	327	327	1	16	227	99	96		15.38889
386	9	Mi5	E5	336	336	1	16	227	99	96		15.41667
387	9	Fa5	F5	340	340	1	16	227	99	96		15.44444
388	9	Mi5	E5	336	336	1	16	227	99	96		15.47222
389	9	Re5	D5	327	327	1	16	227	99	96		15.5
390	9	Re5	D5	327	327	1	16	227	99	96		15.52778
391	9	Do5#4	C5#4	322	322	1	16	227	99	96		15.55556
392	9	Do5#4	C5#4	322	322	1	16	227	99	96		15.58333
393	9	Si4b4	B4b4	310	310	1	16	227	99	96		15.61111
394	9	Si4b4	B4b4	310	310	1	16	227	99	96		15.63889
395	9	La4	A4	305	305	1	16	227	99	96		15.66667
396	9	La4	A4	305	305	3	8	1364	95	96		15.83333
397	53			0	0	0	0	0	0	0		15.83333
398	9	Sol5	G5	349	349	1	8	455	95	96	SAZ 	15.88889
399	9	Fa5#4	F5#4	344	344	1	8	455	95	96	.	15.94444
400	9	Sol5	G5	349	349	1	8	455	95	96	.	16
401	9	La5	A5	358	358	1	2	1818	95	96	.	16.22222
402	9			-1	-1	1	8	455	100	0		16.27778
403	53			0	0	0	0	0	0	0		16.27778
404	9	Sol5	G5	349	349	1	4	909	95	96	Dem	16.38889
405	9	La5	A5	358	358	1	8	455	95	96	be	16.44444
406	9	La5	A5	358	358	1	2	1818	95	96	dem 	16.66667
407	53			0	0	0	0	0	0	0		16.66667
408	9	Si5	B5	367	367	1	16	227	99	96	kâ	16.69444
409	9	La5	A5	358	358	1	16	227	99	96		16.72222
410	9	Sol5	G5	349	349	1	16	227	99	96		16.75
411	9	Fa5#4	F5#4	344	344	1	16	227	99	96		16.77778
412	9	Mi5	E5	336	336	1	16	227	99	96		16.80556
413	9	Fa5#4	F5#4	344	344	1	16	227	99	96		16.83333
414	9	Sol5	G5	349	349	1	16	227	99	96		16.86111
415	9	La5	A5	358	358	1	16	227	99	96		16.88889
416	9	Si5	B5	367	367	3	16	682	99	96		16.97222
417	9	La5	A5	358	358	1	16	227	99	96		17
418	9	La5	A5	358	358	1	8	455	99	96		17.05556
419	9	Sol5	G5	349	349	1	8	455	99	96		17.11111
420	9	Sol5	G5	349	349	1	8	455	99	96		17.16667
421	9	Fa5#4	F5#4	344	344	1	8	455	95	96		17.22222
422	9			-1	-1	1	8	455	100	0		17.27778
423	53			0	0	0	0	0	0	0		17.27778
424	9	La5	A5	358	358	1	4	909	95	96	rým 	17.38889
425	9	Si5	B5	367	367	1	8	455	95	96	o	17.44444
426	9	La5	A5	358	358	3	16	682	99	96	lup	17.52778
427	9	Sol5	G5	349	349	1	16	227	99	96		17.55556
428	9	Fa5#4	F5#4	344	344	1	16	227	99	96		17.58333
429	9	Sol5	G5	349	349	1	16	227	99	96		17.61111
430	9	La5	A5	358	358	1	16	227	99	96		17.63889
431	9	Si5	B5	367	367	1	16	227	95	96		17.66667
432	9	La5	A5	358	358	1	16	227	99	96	tur 	17.69444
433	9	Sol5	G5	349	349	1	16	227	99	96		17.72222
434	9	Sol5	G5	349	349	1	16	227	99	96		17.75
435	9	Fa5#4	F5#4	344	344	1	16	227	99	96		17.77778
436	9	Sol5	G5	349	349	1	8	455	99	96		17.83333
437	9	La5	A5	358	358	1	8	455	99	96		17.88889
438	9	Sol5	G5	349	349	1	8	455	99	96		17.94444
439	9	Fa5#4	F5#4	344	344	1	8	455	95	96		18
440	9			-1	-1	1	8	455	100	0		18.05556
441	53			0	0	0	0	0	0	0		18.05556
442	9	Mi5	E5	336	336	1	16	227	99	96	âh_	18.08333
443	9	Fa5#4	F5#4	344	344	1	16	227	99	96		18.11111
444	9	Mi5	E5	336	336	1	8	455	99	96		18.16667
445	9	Fa5#4	F5#4	344	344	1	8	455	99	96		18.22222
446	9	Sol5	G5	349	349	1	8	455	99	96		18.27778
447	9	La5	A5	358	358	1	8	455	99	96		18.33333
448	9	Si5	B5	367	367	1	8	455	99	96		18.38889
449	9	La5	A5	358	358	1	16	227	99	96		18.41667
450	9	Sol5	G5	349	349	1	16	227	99	96		18.44444
451	9	Fa5#4	F5#4	344	344	1	16	227	99	96		18.47222
452	9	Sol5	G5	349	349	1	16	227	99	96		18.5
453	9	La5	A5	358	358	1	16	227	99	96		18.52778
454	9	Sol5	G5	349	349	1	16	227	99	96		18.55556
455	9	La5	A5	358	358	1	8	455	99	96		18.61111
456	9	Sol5	G5	349	349	1	16	227	99	96		18.63889
457	9	Fa5#4	F5#4	344	344	1	16	227	99	96		18.66667
458	9	Mi5	E5	336	336	1	16	227	99	96		18.69444
459	9	Fa5#4	F5#4	344	344	1	16	227	99	96		18.72222
460	9	Sol5	G5	349	349	1	16	227	99	96		18.75
461	9	Fa5#4	F5#4	344	344	1	16	227	99	96		18.77778
462	9	Sol5	G5	349	349	1	8	455	99	96		18.83333
463	9	Fa5	F5	340	340	1	16	227	99	96		18.86111
464	9	Mi5	E5	336	336	1	16	227	99	96		18.88889
465	9	Mi5	E5	336	336	1	16	227	99	96		18.91667
466	9	Re5	D5	327	327	1	16	227	99	96		18.94444
467	9	Re5	D5	327	327	1	16	227	99	96		18.97222
468	9	Do5#4	C5#4	322	322	1	16	227	99	96		19
469	9	Re5	D5	327	327	1	4	909	95	96	ü 	19.11111
470	9			-1	-1	1	8	455	100	0		19.16667
471	53			0	0	0	0	0	0	0		19.16667
472	9	Fa5#4	F5#4	344	344	1	16	227	99	96	vâh  	19.19444
473	9	Sol5	G5	349	349	1	16	227	99	96		19.22222
474	9	La5	A5	358	358	1	8	455	99	96		19.27778
475	9	Sol5	G5	349	349	1	16	227	99	96		19.30556
476	9	Fa5#4	F5#4	344	344	1	16	227	99	96		19.33333
477	9	Si5	B5	367	367	3	16	682	99	96		19.41667
478	9	La5	A5	358	358	1	16	227	99	96		19.44444
479	9	La5	A5	358	358	1	16	227	99	96		19.47222
480	9	Sol5	G5	349	349	1	16	227	99	96		19.5
481	9	Sol5	G5	349	349	1	16	227	99	96		19.52778
482	9	Fa5#4	F5#4	344	344	1	16	227	99	96		19.55556
483	9	Fa5#4	F5#4	344	344	1	16	227	99	96		19.58333
484	9	Mi5	E5	336	336	1	16	227	99	96		19.61111
485	9	Fa5#4	F5#4	344	344	1	16	227	99	96		19.63889
486	9	Mi5	E5	336	336	1	16	227	99	96		19.66667
487	9	Mi5	E5	336	336	3	8	1364	95	96		19.83333
488	53			0	0	0	0	0	0	0		19.83333
489	9	Mi5	E5	336	336	1	16	227	95	96	SAZ 	19.86111
490	9	Fa5	F5	340	340	1	16	227	95	96	.	19.88889
491	9	Mi5	E5	336	336	1	16	227	95	96	.	19.91667
492	9	Re5	D5	327	327	1	16	227	95	96	.	19.94444
493	9	Do5#4	C5#4	322	322	1	16	227	95	96	.	19.97222
494	9	Re5	D5	327	327	1	16	227	95	96	.	20
495	53			0	0	0	0	0	0	0		20
496	9	Do5#4	C5#4	322	322	3	16	682	95	96	.	20.08333
497	9	Re5	D5	327	327	1	16	227	95	96	.	20.11111
498	9	Do5#4	C5#4	322	322	1	16	227	95	96	.	20.13889
499	9	Mi5	E5	336	336	1	16	227	95	96	.	20.16667
500	9	Re5	D5	327	327	1	8	455	95	96	.	20.22222
501	9			-1	-1	1	8	455	100	0		20.27778
502	53			0	0	0	0	0	0	0		20.27778
503	9	Re5	D5	327	327	1	4	909	95	96	Bah	20.38889
504	9	La5	A5	358	358	1	8	455	95	96	ti	20.44444
505	9	La5	A5	358	358	1	16	227	99	96	yâr 	20.47222
506	9	Sol5	G5	349	349	1	16	227	99	96		20.5
507	9	Sol5	G5	349	349	1	16	227	99	96		20.52778
508	9	Fa5#4	F5#4	344	344	1	16	227	99	96		20.55556
509	9	Mi5	E5	336	336	1	8	455	99	96		20.61111
510	9	Fa5#4	F5#4	344	344	1	8	455	95	96		20.66667
511	9	Sol5	G5	349	349	3	16	682	99	96	ol	20.75
512	9	Si5	B5	367	367	1	16	227	99	96		20.77778
513	9	La5	A5	358	358	1	8	455	99	96		20.83333
514	9	Sol5	G5	349	349	1	8	455	99	96		20.88889
515	9	Fa5#4	F5#4	344	344	1	8	455	99	96		20.94444
516	9	Mi5	E5	336	336	1	16	227	99	96		20.97222
517	9	Fa5#4	F5#4	344	344	1	16	227	99	96		21
518	9	La5	A5	358	358	1	16	227	99	96		21.02778
519	9	Sol5	G5	349	349	1	16	227	99	96		21.05556
520	9	Fa5	F5	340	340	1	16	227	99	96		21.08333
521	9	Mi5	E5	336	336	1	16	227	99	96		21.11111
522	9	Re5	D5	327	327	1	16	227	99	96		21.13889
523	9	Do5#4	C5#4	322	322	1	16	227	99	96		21.16667
524	9	Re5	D5	327	327	1	8	455	95	96		21.22222
525	9			-1	-1	1	8	455	100	0		21.27778
526	53			0	0	0	0	0	0	0		21.27778
527	9	Mi5	E5	336	336	1	8	455	99	96	mak 	21.33333
528	9	Fa5#4	F5#4	344	344	1	8	455	95	96		21.38889
529	9	Sol5	G5	349	349	1	8	455	95	96	ne 	21.44444
530	9	Sol5	G5	349	349	1	16	227	99	96	güç 	21.47222
531	9	Fa5	F5	340	340	1	16	227	99	96		21.5
532	9	Fa5	F5	340	340	1	16	227	99	96		21.52778
533	9	Mi5	E5	336	336	1	16	227	99	96		21.55556
534	9	Mi5	E5	336	336	1	16	227	99	96		21.58333
535	9	Fa5	F5	340	340	1	16	227	99	96		21.61111
536	9	Mi5	E5	336	336	1	16	227	99	96		21.63889
537	9	Re5	D5	327	327	1	16	227	95	96		21.66667
538	9	Do5#4	C5#4	322	322	1	16	227	99	96	â	21.69444
539	9	Re5	D5	327	327	1	16	227	99	96		21.72222
540	9	Do5#4	C5#4	322	322	1	16	227	99	96		21.75
541	9	Si4b4	B4b4	310	310	1	16	227	99	96		21.77778
542	9	Do5#4	C5#4	322	322	1	16	227	99	96		21.80556
543	9	Re5	D5	327	327	1	16	227	99	96		21.83333
544	9	Mi5	E5	336	336	1	16	227	99	96		21.86111
545	9	Fa5	F5	340	340	1	16	227	99	96		21.88889
546	9	Mi5	E5	336	336	1	16	227	99	96		21.91667
547	9	Re5	D5	327	327	1	16	227	99	96		21.94444
548	9	Do5#4	C5#4	322	322	1	16	227	99	96		21.97222
549	9	Si4b4	B4b4	310	310	1	16	227	99	96		22
550	9	La4	A4	305	305	1	8	455	95	96		22.05556
551	53			0	0	0	0	0	0	0		22.05556
552	9	La4	A4	305	305	1	4	909	99	96	lem	22.16667
553	9	Do5#4	C5#4	322	322	1	4	910	99	96		22.27778
554	9	Si4b4	B4b4	310	310	1	4	909	99	96		22.38889
555	9	Re5	D5	327	327	1	4	910	99	96		22.5
556	9	Do5#4	C5#4	322	322	1	16	227	99	96		22.52778
557	9	Re5	D5	327	327	1	16	227	99	96		22.55556
558	9	Do5#4	C5#4	322	322	1	16	227	99	96		22.58333
559	9	Re5	D5	327	327	1	16	227	99	96		22.61111
560	9	Mi5	E5	336	336	1	16	227	99	96		22.63889
561	9	Fa5	F5	340	340	1	16	227	99	96		22.66667
562	9	Mi5	E5	336	336	1	16	227	99	96		22.69444
563	9	Re5	D5	327	327	1	16	227	99	96		22.72222
564	9	Re5	D5	327	327	1	16	227	99	96		22.75
565	9	Do5#4	C5#4	322	322	1	16	227	99	96		22.77778
566	9	Re5	D5	327	327	1	4	909	95	96		22.88889
567	53			0	0	0	0	0	0	0		22.88889
568	9	Mi5	E5	336	336	1	8	455	99	96	de 	22.94444
569	9	Fa5#4	F5#4	344	344	1	8	455	95	96		23
570	9	Sol5	G5	349	349	1	8	455	99	96	âh  	23.05556
571	9	Fa5	F5	340	340	1	16	227	99	96		23.08333
572	9	Mi5	E5	336	336	1	16	227	99	96		23.11111
573	9	Fa5	F5	340	340	1	8	455	99	96		23.16667
574	9	Mi5	E5	336	336	1	16	227	99	96		23.19444
575	9	Re5	D5	327	327	1	16	227	99	96		23.22222
576	9	Mi5	E5	336	336	1	8	455	99	96		23.27778
577	9	Re5	D5	327	327	1	16	227	99	96		23.30556
578	9	Do5#4	C5#4	322	322	1	16	227	99	96		23.33333
579	9	Do5#4	C5#4	322	322	1	16	227	99	96		23.36111
580	9	Re5	D5	327	327	1	16	227	99	96		23.38889
581	9	Mi5	E5	336	336	1	16	227	99	96		23.41667
582	9	Fa5	F5	340	340	1	16	227	99	96		23.44444
583	9	Mi5	E5	336	336	1	16	227	99	96		23.47222
584	9	Re5	D5	327	327	1	16	227	99	96		23.5
585	9	Re5	D5	327	327	1	16	227	99	96		23.52778
586	9	Do5#4	C5#4	322	322	1	16	227	99	96		23.55556
587	9	Do5#4	C5#4	322	322	1	16	227	99	96		23.58333
588	9	Si4b4	B4b4	310	310	1	16	227	99	96		23.61111
589	9	Si4b4	B4b4	310	310	1	16	227	99	96		23.63889
590	9	La4	A4	305	305	1	16	227	99	96		23.66667
591	9	La4	A4	305	305	3	8	1364	95	96		23.83333
