Sýra	Kod	Nota53	NotaAE	Koma53	KomaAE	Pay	Payda	Ms	LNS	Bas	Soz1	Offset
1	9	Re5	D5	327	327	1	2	1600	99	96	Ah 	0.5
2	9	Do5#4	C5#4	322	322	1	8	400	99	96		0.625
3	9	Re5	D5	327	327	1	8	400	99	96		0.75
4	8	Fa5	F5	340	340	0	0	0	99	93		0.75
5	9	Mi5	E5	336	336	1	8	400	99	96		0.875
6	9	Mi5	E5	336	336	1	16	200	99	96		0.9375
7	9	Re5	D5	327	327	1	16	200	99	96		1
8	9	Re5	D5	327	327	1	2	1600	95	96		1.5
9	9			-1	-1	1	8	400	100	0		1.625
10	53			0	0	0	0	0	0	0		1.625
11	9	Re5	D5	327	327	1	8	400	99	96	düþ	1.75
12	9	Do5#4	C5#4	322	322	1	8	400	95	96		1.875
13	9	Re5	D5	327	327	1	8	400	95	96	me	2
14	54			0	0	0	0	0	0	0	nisabur@si4	2
15	9	Mi5	E5	336	336	1	4	800	99	96	sin 	2.25
16	9	Fa5	F5	340	340	1	8	400	99	96		2.375
17	9	Mi5	E5	336	336	1	8	400	99	96		2.5
18	9	Re5	D5	327	327	1	16	200	99	96		2.5625
19	9	Do5#4	C5#4	322	322	1	16	200	99	96		2.625
20	9	Si4	B4	314	314	1	8	400	99	96		2.75
21	9	Do5#4	C5#4	322	322	1	8	400	99	96		2.875
22	9	Re5	D5	327	327	1	8	400	95	96		3
23	9	Do5#4	C5#4	322	322	1	4	800	99	96	mis	3.25
24	9	Re5	D5	327	327	1	2	1600	95	96		3.75
25	9			-1	-1	1	4	800	100	0		4
26	55			0	0	0	0	0	0	0		4
27	53			0	0	0	0	0	0	0		4
28	9	Re5	D5	327	327	1	4	800	99	96	kin 	4.25
29	9	Mi5	E5	336	336	1	8	400	99	96		4.375
30	9	Re5	D5	327	327	1	8	400	99	96		4.5
31	9	Do5#4	C5#4	322	322	1	4	800	99	96		4.75
32	9	Re5	D5	327	327	1	8	400	99	96		4.875
33	9	Do5#4	C5#4	322	322	1	8	400	99	96		5
34	9	Si4b4	B4b4	310	310	1	4	800	99	96		5.25
35	9	Do5#4	C5#4	322	322	1	8	400	99	96		5.375
36	9	Si4b4	B4b4	310	310	1	8	400	99	96		5.5
37	9	La4	A4	305	305	1	4	800	99	96		5.75
38	9	La4	A4	305	305	1	8	400	99	96		5.875
39	9	La4	A4	305	305	1	8	400	99	96		6
40	9	La4	A4	305	305	1	2	1600	95	96		6.5
41	54			0	0	0	0	0	0	0	hicaz-zirgule@la4	6.5
42	9	La4	A4	305	305	1	8	400	99	96	kin 	6.625
43	9	Do5#4	C5#4	322	322	1	8	400	99	96		6.75
44	9	Si4b4	B4b4	310	310	1	8	400	99	96		6.875
45	9	La4	A4	305	305	1	8	400	99	96		7
46	9	La4	A4	305	305	1	16	200	99	96		7.0625
47	9	Sol4#4	G4#4	300	300	1	16	200	99	96		7.125
48	9	Fa4	F4	287	287	1	8	400	99	96		7.25
49	9	Sol4#4	G4#4	300	300	1	8	400	99	96		7.375
50	9	La4	A4	305	305	1	8	400	99	96		7.5
51	9	Sol4#4	G4#4	300	300	1	8	400	99	96		7.625
52	9	La4	A4	305	305	1	8	400	99	96		7.75
53	9	Sol4#4	G4#4	300	300	1	8	400	95	96		7.875
54	9	Fa4#4	F4#4	291	291	1	8	400	95	96	gö	8
55	9	La4	A4	305	305	3	4	2400	99	96	nül 	8.75
56	9	Do5#4	C5#4	322	322	1	4	800	95	96		9
57	9			-1	-1	1	8	400	100	0		9.125
58	53			0	0	0	0	0	0	0		9.125
59	9	La4	A4	305	305	1	4	800	99	96	nül	9.375
60	9	Si4b4	B4b4	310	310	1	8	400	99	96		9.5
61	9	La4	A4	305	305	1	8	400	99	96		9.625
62	9	Mi5	E5	336	336	1	8	400	99	96		9.75
63	9	Re5	D5	327	327	1	8	400	99	96		9.875
64	9	Do5#4	C5#4	322	322	1	8	400	95	96		10
65	9	Do5#4	C5#4	322	322	1	8	400	99	96	ler 	10.125
66	9	Si4b4	B4b4	310	310	1	4	800	99	96		10.375
67	9	La4	A4	305	305	1	8	400	99	96		10.5
68	9	Sol4#4	G4#4	300	300	1	8	400	99	96		10.625
69	9	La4	A4	305	305	1	8	400	99	96		10.75
70	8	Do5#4	C5#4	322	322	0	0	0	95	93		10.75
71	9	Si4b4	B4b4	310	310	1	8	400	99	96		10.875
72	9	Si4b4	B4b4	310	310	1	16	200	99	96		10.9375
73	9	La4	A4	305	305	1	16	200	99	96		11
74	9	La4	A4	305	305	3	4	2400	95	96		11.75
75	9			-1	-1	1	4	800	100	0		12
76	55			0	0	0	0	0	0	0		12
77	53			0	0	0	0	0	0	0		12
78	9	Mi5	E5	336	336	3	16	600	99	96	ah  	12.1875
79	9	Re5	D5	327	327	1	16	200	99	96		12.25
80	9	Do5#4	C5#4	322	322	1	8	400	99	96		12.375
81	9	Re5	D5	327	327	1	8	400	99	96		12.5
82	9	Do5#4	C5#4	322	322	1	8	400	99	96		12.625
83	9	Re5	D5	327	327	1	8	400	99	96		12.75
84	8	Fa5	F5	340	340	0	0	0	99	93		12.75
85	9	Mi5	E5	336	336	1	8	400	99	96		12.875
86	9	Mi5	E5	336	336	1	16	200	99	96		12.9375
87	9	Re5	D5	327	327	1	16	200	99	96		13
88	9	Re5	D5	327	327	3	8	1200	99	96		13.375
89	9	Do5#4	C5#4	322	322	1	8	400	95	96		13.5
90	9			-1	-1	1	8	400	100	0		13.625
91	53			0	0	0	0	0	0	0		13.625
92	54			0	0	0	0	0	0	0	nisabur@si4	13.625
93	9	Si4	B4	314	314	1	4	800	95	96	Zülf_	13.875
94	9	Do5#4	C5#4	322	322	1	8	400	95	96	i 	14
95	9	Re5	D5	327	327	1	4	800	99	96	an	14.25
96	55			0	0	0	0	0	0	0		14.25
97	53			0	0	0	0	0	0	0		14.25
98	9	Do5#4	C5#4	322	322	1	8	400	99	96		14.375
99	9	Re5	D5	327	327	1	8	400	99	96		14.5
100	9	Mi5	E5	336	336	1	8	400	99	96		14.625
101	9	Sol5	G5	349	349	1	8	400	99	96		14.75
102	9	Fa5	F5	340	340	1	8	400	99	96		14.875
103	9	Mi5	E5	336	336	1	8	400	95	96		15
104	9	Mi5	E5	336	336	3	16	600	99	96	ber 	15.1875
105	9	Re5	D5	327	327	1	16	200	99	96		15.25
106	9	Do5#4	C5#4	322	322	1	8	400	99	96		15.375
107	9	Re5	D5	327	327	1	8	400	99	96		15.5
108	9	Do5#4	C5#4	322	322	1	4	800	99	96		15.75
109	9	Re5	D5	327	327	1	4	800	100	96		16
110	9	Re5	D5	327	327	1	8	400	95	96		16.125
111	9			-1	-1	1	8	400	100	0		16.25
112	53			0	0	0	0	0	0	0		16.25
113	9	Re5	D5	327	327	1	2	1600	99	96	bû 	16.75
114	9	Mi5	E5	336	336	1	4	800	100	96		17
115	9	Mi5	E5	336	336	1	2	1600	95	96		17.5
116	53			0	0	0	0	0	0	0		17.5
117	9	Mi5	E5	336	336	1	8	400	99	96	bû 	17.625
118	9	Fa5	F5	340	340	1	8	400	99	96		17.75
119	9	Mi5	E5	336	336	1	8	400	99	96		17.875
120	9	Fa5	F5	340	340	1	8	400	99	96		18
121	9	Mi5	E5	336	336	1	4	800	99	96		18.25
122	9	Fa5	F5	340	340	1	8	400	99	96		18.375
123	9	Mi5	E5	336	336	1	8	400	99	96		18.5
124	9	Re5	D5	327	327	1	8	400	99	96		18.625
125	9	Do5#4	C5#4	322	322	1	8	400	99	96		18.75
126	9	Re5	D5	327	327	1	4	800	100	96		19
127	9	Re5	D5	327	327	1	8	400	95	96		19.125
128	9			-1	-1	1	8	400	100	0		19.25
129	53			0	0	0	0	0	0	0		19.25
130	9	Do5#4	C5#4	322	322	1	8	400	99	96	bû	19.375
131	9	Re5	D5	327	327	1	8	400	99	96		19.5
132	9	Mi5	E5	336	336	1	8	400	99	96		19.625
133	9	Fa5	F5	340	340	1	8	400	99	96		19.75
134	9	Mi5	E5	336	336	1	8	400	95	96		19.875
135	9	Re5	D5	327	327	1	8	400	95	96	la	20
136	9	Mi5	E5	336	336	3	16	600	99	96	ra  	20.1875
137	9	Re5	D5	327	327	1	16	200	99	96		20.25
138	9	Do5#4	C5#4	322	322	1	8	400	99	96		20.375
139	9	Re5	D5	327	327	1	8	400	99	96		20.5
140	9	Do5#4	C5#4	322	322	1	8	400	99	96		20.625
141	9	Re5	D5	327	327	1	8	400	99	96		20.75
142	8	Fa5	F5	340	340	0	0	0	99	96		20.75
143	10	Mi5	E5	336	336	1	8	400	99	96		20.875
144	9	Mi5	E5	336	336	1	16	200	99	96		20.9375
145	9	Re5	D5	327	327	1	16	200	99	96		21
146	9	Re5	D5	327	327	3	4	2400	95	96		21.75
147	9			-1	-1	1	4	800	100	0		22
148	53			0	0	0	0	0	0	0		22
149	9	Re5	D5	327	327	1	4	800	99	96	Öm	22.25
150	9	Mi5	E5	336	336	1	8	400	99	96		22.375
151	9	Re5	D5	327	327	1	8	400	95	96		22.5
152	9	Do5#4	C5#4	322	322	1	4	800	99	96	rüm 	22.75
153	9	Re5	D5	327	327	1	8	400	99	96		22.875
154	9	Do5#4	C5#4	322	322	1	8	400	95	96		23
155	9	Si4b4	B4b4	310	310	1	4	800	99	96	câ	23.25
156	9	Do5#4	C5#4	322	322	1	8	400	99	96		23.375
157	9	Si4b4	B4b4	310	310	1	8	400	95	96		23.5
158	9	La4	A4	305	305	3	8	1200	67	96	ným 	23.875
159	53			0	0	0	0	0	0	0		23.875
160	9	La4	A4	305	305	1	8	400	95	96	a	24
161	9	La4	A4	305	305	1	8	400	99	96	man  	24.125
162	9	Do5#4	C5#4	322	322	1	8	400	99	96		24.25
163	9	Si4b4	B4b4	310	310	1	8	400	99	96		24.375
164	9	La4	A4	305	305	1	8	400	99	96		24.5
165	9	La4	A4	305	305	3	16	600	99	96		24.6875
166	9	Sol4	G4	296	296	1	16	200	99	96		24.75
167	9	Fa4#4	F4#4	291	291	1	8	400	99	96		24.875
168	9	Sol4	G4	296	296	1	8	400	95	96		25
169	9	La4	A4	305	305	1	8	400	99	96	Ah 	25.125
170	9	Si4b4	B4b4	310	310	1	8	400	99	96		25.25
171	9	La4	A4	305	305	1	8	400	99	96		25.375
172	9	Sol4	G4	296	296	1	8	400	95	96		25.5
173	9			-1	-1	1	8	400	100	0		25.625
174	53			0	0	0	0	0	0	0		25.625
175	54			0	0	0	0	0	0	0	segah@fa4#4	25.625
176	9	La4	A4	305	305	1	4	800	95	96	ye 	25.875
177	9	Si4	B4	314	314	1	8	400	95	96	le 	26
178	9	La4	A4	305	305	1	4	800	99	96	lel 	26.25
179	9	La4	A4	305	305	1	8	400	99	96		26.375
180	9	Sol4	G4	296	296	1	8	400	95	96		26.5
181	9	Fa4#4	F4#4	291	291	1	2	1600	95	96	li 	27
182	55			0	0	0	0	0	0	0		27
183	53			0	0	0	0	0	0	0		27
184	9	Sol4	G4	296	296	1	4	800	95	96	te 	27.25
185	9	Fa4#4	F4#4	291	291	1	8	400	95	96	re 	27.375
186	9	Mi4	E4	283	283	1	8	400	95	96	li 	27.5
187	9	Fa4#4	F4#4	291	291	1	8	400	99	96	yel 	27.625
188	9	Sol4	G4	296	296	1	8	400	99	96		27.75
189	9	Fa4#4	F4#4	291	291	1	8	400	95	96		27.875
190	9	Sol4	G4	296	296	1	8	400	95	96	le 	28
191	9	La4	A4	305	305	1	2	1600	95	96	lel  	28.5
192	9			-1	-1	1	4	800	100	0		28.75
193	53			0	0	0	0	0	0	0		28.75
194	9	La4	A4	305	305	1	8	400	95	96	Le 	28.875
195	9	La4	A4	305	305	1	8	400	95	96	le 	29
196	9	Si4b4	B4b4	310	310	3	16	600	99	96	lel 	29.1875
197	9	La4	A4	305	305	1	16	200	99	96		29.25
198	9	Si4b4	B4b4	310	310	1	8	400	99	96		29.375
199	9	Do5#4	C5#4	322	322	1	8	400	99	96		29.5
200	9	Si4b4	B4b4	310	310	3	16	600	99	96		29.6875
201	9	La4	A4	305	305	1	16	200	95	96		29.75
202	9	Sol4	G4	296	296	1	8	400	95	96	le 	29.875
203	9	Sol4	G4	296	296	1	8	400	95	96	le 	30
204	9	Re5	D5	327	327	1	2	1600	99	96	lel 	30.5
205	53			0	0	0	0	0	0	0		30.5
206	54			0	0	0	0	0	0	0	nisabur@si4	30.5
207	9	Re5	D5	327	327	1	8	400	99	96		30.625
208	9	Do5#4	C5#4	322	322	1	8	400	95	96		30.75
209	9	Si4	B4	314	314	1	8	400	95	96	le 	30.875
210	9	Do5#4	C5#4	322	322	1	8	400	95	96	le 	31
211	9	Re5	D5	327	327	1	2	1600	95	96	lel 	31.5
212	9			-1	-1	1	4	800	100	0		31.75
213	55			0	0	0	0	0	0	0		31.75
214	53			0	0	0	0	0	0	0		31.75
215	9	Do5#4	C5#4	322	322	1	8	400	95	96	le 	31.875
216	9	Re5	D5	327	327	1	8	400	95	96	le 	32
217	9	Mi5	E5	336	336	1	8	400	99	96	lel 	32.125
218	9	Fa5	F5	340	340	1	8	400	99	96		32.25
219	9	Mi5	E5	336	336	1	8	400	99	96		32.375
220	9	Re5	D5	327	327	1	8	400	95	96		32.5
221	9	Mi5	E5	336	336	1	8	400	99	96	lel 	32.625
222	9	Sol5	G5	349	349	1	8	400	99	96		32.75
223	9	Fa5	F5	340	340	1	8	400	99	96		32.875
224	9	Mi5	E5	336	336	1	8	400	95	96		33
225	9	Mi5	E5	336	336	3	16	600	99	96	li  	33.1875
226	9	Re5	D5	327	327	1	16	200	99	96		33.25
227	9	Do5#4	C5#4	322	322	1	8	400	99	96		33.375
228	9	Re5	D5	327	327	1	8	400	95	96		33.5
229	54			0	0	0	0	0	0	0	ussak@mi5	33.5
230	9	Sol5	G5	349	349	3	16	600	99	96	Ah 	33.6875
231	9	Fa5#4	F5#4	344	344	1	16	200	99	96		33.75
232	9	Mi5	E5	336	336	1	4	800	100	96		34
233	9	Mi5	E5	336	336	1	8	400	95	96		34.125
234	9			-1	-1	1	8	400	100	0		34.25
235	55			0	0	0	0	0	0	0		34.25
236	53			0	0	0	0	0	0	0		34.25
237	9	Do5#4	C5#4	322	322	1	8	400	95	96	be	34.375
238	9	Re5	D5	327	327	1	8	400	95	96	li 	34.5
239	9	Mi5	E5	336	336	1	8	400	99	96	yâ	34.625
240	9	Fa5#4	F5#4	344	344	1	8	400	95	96		34.75
241	9	Sol5	G5	349	349	1	4	800	95	96	rim 	35
242	9	Fa5#4	F5#4	344	344	1	4	800	99	96	be	35.25
243	9	Sol5	G5	349	349	1	8	400	95	96		35.375
244	9	Fa5#4	F5#4	344	344	1	8	400	95	96	li 	35.5
245	9	Fa5#4	F5#4	344	344	3	16	600	99	96	mî	35.6875
246	9	Mi5	E5	336	336	1	16	200	95	96		35.75
247	9	Re5	D5	327	327	1	8	400	95	96	rim_	35.875
248	9	Mi5	E5	336	336	1	8	400	95	96	a	36
249	9	Fa5	F5	340	340	1	2	1600	99	96	man  	36.5
250	53			0	0	0	0	0	0	0		36.5
251	9	Mi5	E5	336	336	1	8	400	99	96		36.625
252	9	Re5	D5	327	327	1	8	400	99	96		36.75
253	9	Do5#4	C5#4	322	322	1	8	400	99	96		36.875
254	9	Fa5	F5	340	340	1	8	400	99	96		37
255	9	Mi5	E5	336	336	1	8	400	99	96		37.125
256	9	Re5	D5	327	327	1	8	400	99	96		37.25
257	9	Do5#4	C5#4	322	322	1	8	400	99	96		37.375
258	9	Si4b4	B4b4	310	310	1	8	400	99	96		37.5
259	9	La4	A4	305	305	1	8	400	95	96		37.625
260	53			0	0	0	0	0	0	0		37.625
261	9	La4	A4	305	305	1	4	800	95	96	Zülf_	37.875
262	9	Si4b4	B4b4	310	310	1	8	400	95	96	i 	38
263	9	La4	A4	305	305	1	8	400	99	96	an	38.125
264	9	Si4b4	B4b4	310	310	1	8	400	99	96		38.25
265	9	La4	A4	305	305	1	8	400	99	96		38.375
266	9	Si4b4	B4b4	310	310	1	8	400	99	96		38.5
267	9	La4	A4	305	305	1	8	400	99	96		38.625
268	9	Mi5	E5	336	336	1	8	400	99	96		38.75
269	9	Re5	D5	327	327	1	8	400	99	96		38.875
270	9	Do5#4	C5#4	322	322	1	8	400	95	96		39
271	9	Do5#4	C5#4	322	322	1	8	400	99	96	ber 	39.125
272	9	Si4b4	B4b4	310	310	1	4	800	99	96		39.375
273	9	La4	A4	305	305	1	8	400	99	96		39.5
274	9	La4	A4	305	305	1	4	800	99	96		39.75
275	9	Re5	D5	327	327	1	4	800	100	96		40
276	9	Re5	D5	327	327	1	4	800	95	96		40.25
277	53			0	0	0	0	0	0	0		40.25
278	9	Do5#4	C5#4	322	322	1	8	400	99	96	bû 	40.375
279	9	Re5	D5	327	327	1	8	400	99	96		40.5
280	9	Mi5	E5	336	336	3	16	600	99	96		40.6875
281	9	Re5	D5	327	327	1	16	200	99	96		40.75
282	9	Do5#4	C5#4	322	322	1	4	800	100	96		41
283	9	Do5#4	C5#4	322	322	1	8	400	95	96		41.125
284	9			-1	-1	1	8	400	100	0		41.25
285	53			0	0	0	0	0	0	0		41.25
286	9	Si4b4	B4b4	310	310	1	8	400	99	96	bû 	41.375
287	9	Do5#4	C5#4	322	322	1	8	400	99	96		41.5
288	9	Re5	D5	327	327	3	16	600	99	96		41.6875
289	9	Do5#4	C5#4	322	322	1	16	200	99	96		41.75
290	9	Si4b4	B4b4	310	310	1	4	800	99	96		42
291	9	Do5#4	C5#4	322	322	3	16	600	99	96		42.1875
292	9	Si4b4	B4b4	310	310	1	16	200	99	96		42.25
293	9	La4	A4	305	305	1	4	800	95	96		42.5
294	53			0	0	0	0	0	0	0		42.5
295	9	La4	A4	305	305	1	8	400	99	96	bû	42.625
296	9	Do5#4	C5#4	322	322	1	8	400	99	96		42.75
297	9	Si4b4	B4b4	310	310	1	8	400	99	96		42.875
298	9	La4	A4	305	305	1	8	400	99	96		43
299	54			0	0	0	0	0	0	0	hicaz-zirgule@la4	43
300	9	Si4b4	B4b4	310	310	3	16	600	99	96		43.1875
301	9	La4	A4	305	305	1	16	200	99	96		43.25
302	9	Sol4#4	G4#4	300	300	1	8	400	99	96		43.375
303	9	La4	A4	305	305	1	8	400	99	96		43.5
304	9	Sol4#4	G4#4	300	300	1	8	400	99	96		43.625
305	9	La4	A4	305	305	1	8	400	99	96		43.75
306	9	Sol4#4	G4#4	300	300	1	8	400	95	96		43.875
307	9	Fa4	F4	287	287	1	8	400	95	96	la	44
308	9	La4	A4	305	305	3	4	2400	99	96	ra 	44.75
309	9	Do5#4	C5#4	322	322	1	4	800	95	96		45
310	9			-1	-1	1	8	400	100	0		45.125
311	9	La4	A4	305	305	1	4	800	99	96	ra 	45.375
312	9	Si4b4	B4b4	310	310	1	8	400	99	96		45.5
313	9	La4	A4	305	305	1	8	400	99	96		45.625
314	9	Mi5	E5	336	336	1	8	400	99	96		45.75
315	9	Re5	D5	327	327	1	8	400	99	96		45.875
316	9	Do5#4	C5#4	322	322	1	8	400	95	96		46
317	9	Do5#4	C5#4	322	322	1	8	400	99	96	vay  	46.125
318	9	Si4b4	B4b4	310	310	1	4	800	99	96		46.375
319	9	La4	A4	305	305	1	8	400	99	96		46.5
320	9	Sol4#4	G4#4	300	300	1	8	400	99	96		46.625
321	9	La4	A4	305	305	1	8	400	99	96		46.75
322	8	Do5#4	C5#4	322	322	0	0	0	99	93		46.75
323	9	Si4b4	B4b4	310	310	1	8	400	99	96		46.875
324	9	Si4b4	B4b4	310	310	1	16	200	99	96		46.9375
325	9	La4	A4	305	305	1	16	200	99	96		47
326	9	La4	A4	305	305	3	4	2400	95	96		47.75
327	55			0	0	0	0	0	0	0		47.75
328	53			0	0	0	0	0	0	0		47.75
329	9			-1	-1	1	4	800	100	0		48
330	9	Re5	D5	327	327	1	2	1600	99	96	Ah 	48.5
331	9	Do5#4	C5#4	322	322	1	8	400	99	96		48.625
332	9	Re5	D5	327	327	1	8	400	99	96		48.75
333	8	Fa5	F5	340	340	0	0	0	99	93		48.75
334	9	Mi5	E5	336	336	1	8	400	99	96		48.875
335	9	Mi5	E5	336	336	1	16	200	99	96		48.9375
336	9	Re5	D5	327	327	1	16	200	99	96		49
337	9	Re5	D5	327	327	1	2	1600	95	96		49.5
338	9			-1	-1	1	8	400	100	0		49.625
339	53			0	0	0	0	0	0	0		49.625
340	9	Re5	D5	327	327	1	8	400	99	96	düþ	49.75
341	9	Do5#4	C5#4	322	322	1	8	400	95	96		49.875
342	9	Re5	D5	327	327	1	8	400	95	96	me	50
343	54			0	0	0	0	0	0	0	nisabur@si4	50
344	9	Mi5	E5	336	336	1	4	800	99	96	sin 	50.25
345	9	Fa5	F5	340	340	1	8	400	99	96		50.375
346	9	Mi5	E5	336	336	1	8	400	99	96		50.5
347	9	Re5	D5	327	327	1	16	200	99	96		50.5625
348	9	Do5#4	C5#4	322	322	1	16	200	99	96		50.625
349	9	Si4	B4	314	314	1	8	400	99	96		50.75
350	9	Do5#4	C5#4	322	322	1	8	400	99	96		50.875
351	9	Re5	D5	327	327	1	8	400	95	96		51
352	9	Do5#4	C5#4	322	322	1	4	800	99	96	mis	51.25
353	9	Re5	D5	327	327	1	2	1600	95	96		51.75
354	9			-1	-1	1	4	800	100	0		52
355	55			0	0	0	0	0	0	0		52
356	53			0	0	0	0	0	0	0		52
357	9	Re5	D5	327	327	1	4	800	99	96	kin 	52.25
358	9	Mi5	E5	336	336	1	8	400	99	96		52.375
359	9	Re5	D5	327	327	1	8	400	99	96		52.5
360	9	Do5#4	C5#4	322	322	1	4	800	99	96		52.75
361	9	Re5	D5	327	327	1	8	400	99	96		52.875
362	9	Do5#4	C5#4	322	322	1	8	400	99	96		53
363	9	Si4b4	B4b4	310	310	1	4	800	99	96		53.25
364	9	Do5#4	C5#4	322	322	1	8	400	99	96		53.375
365	9	Si4b4	B4b4	310	310	1	8	400	99	96		53.5
366	9	La4	A4	305	305	1	4	800	99	96		53.75
367	9	La4	A4	305	305	1	8	400	99	96		53.875
368	9	La4	A4	305	305	1	8	400	99	96		54
369	9	La4	A4	305	305	1	2	1600	95	96		54.5
370	54			0	0	0	0	0	0	0	hicaz-zirgule@la4	54.5
371	9	La4	A4	305	305	1	8	400	99	96	kin 	54.625
372	9	Do5#4	C5#4	322	322	1	8	400	99	96		54.75
373	9	Si4b4	B4b4	310	310	1	8	400	99	96		54.875
374	9	La4	A4	305	305	1	8	400	99	96		55
375	9	La4	A4	305	305	1	16	200	99	96		55.0625
376	9	Sol4#4	G4#4	300	300	1	16	200	99	96		55.125
377	9	Fa4	F4	287	287	1	8	400	99	96		55.25
378	9	Sol4#4	G4#4	300	300	1	8	400	99	96		55.375
379	9	La4	A4	305	305	1	8	400	99	96		55.5
380	9	Sol4#4	G4#4	300	300	1	8	400	99	96		55.625
381	9	La4	A4	305	305	1	8	400	99	96		55.75
382	9	Sol4#4	G4#4	300	300	1	8	400	95	96		55.875
383	9	Fa4#4	F4#4	291	291	1	8	400	95	96	gö	56
384	9	La4	A4	305	305	3	4	2400	99	96	nül 	56.75
385	9	Do5#4	C5#4	322	322	1	4	800	95	96		57
386	9			-1	-1	1	8	400	100	0		57.125
387	53			0	0	0	0	0	0	0		57.125
388	9	La4	A4	305	305	1	4	800	99	96	nül	57.375
389	9	Si4b4	B4b4	310	310	1	8	400	99	96		57.5
390	9	La4	A4	305	305	1	8	400	99	96		57.625
391	9	Mi5	E5	336	336	1	8	400	99	96		57.75
392	9	Re5	D5	327	327	1	8	400	99	96		57.875
393	9	Do5#4	C5#4	322	322	1	8	400	95	96		58
394	9	Do5#4	C5#4	322	322	1	8	400	99	96	ler 	58.125
395	9	Si4b4	B4b4	310	310	1	4	800	99	96		58.375
396	9	La4	A4	305	305	1	8	400	99	96		58.5
397	9	Sol4#4	G4#4	300	300	1	8	400	99	96		58.625
398	9	La4	A4	305	305	1	8	400	99	96		58.75
399	8	Do5#4	C5#4	322	322	0	0	0	95	93		58.75
400	9	Si4b4	B4b4	310	310	1	8	400	99	96		58.875
401	9	Si4b4	B4b4	310	310	1	16	200	99	96		58.9375
402	9	La4	A4	305	305	1	16	200	99	96		59
403	9	La4	A4	305	305	3	4	2400	95	96		59.75
404	9			-1	-1	1	4	800	100	0		60
405	55			0	0	0	0	0	0	0		60
406	53			0	0	0	0	0	0	0		60
407	9	Mi5	E5	336	336	3	16	600	99	96	ah  	60.1875
408	9	Re5	D5	327	327	1	16	200	99	96		60.25
409	9	Do5#4	C5#4	322	322	1	8	400	99	96		60.375
410	9	Re5	D5	327	327	1	8	400	99	96		60.5
411	9	Do5#4	C5#4	322	322	1	8	400	99	96		60.625
412	9	Re5	D5	327	327	1	8	400	99	96		60.75
413	8	Fa5	F5	340	340	0	0	0	99	93		60.75
414	9	Mi5	E5	336	336	1	8	400	99	96		60.875
415	9	Mi5	E5	336	336	1	16	200	99	96		60.9375
416	9	Re5	D5	327	327	1	16	200	99	96		61
417	9	Re5	D5	327	327	3	8	1200	99	96		61.375
418	9	Do5#4	C5#4	322	322	1	8	400	95	96		61.5
419	9			-1	-1	1	8	400	100	0		61.625
420	53			0	0	0	0	0	0	0		61.625
421	54			0	0	0	0	0	0	0	nisabur@si4	61.625
422	9	Si4	B4	314	314	1	4	800	95	96	Zülf_	61.875
423	9	Do5#4	C5#4	322	322	1	8	400	95	96	i 	62
424	9	Re5	D5	327	327	1	4	800	99	96	an	62.25
425	55			0	0	0	0	0	0	0		62.25
426	53			0	0	0	0	0	0	0		62.25
427	9	Do5#4	C5#4	322	322	1	8	400	99	96		62.375
428	9	Re5	D5	327	327	1	8	400	99	96		62.5
429	9	Mi5	E5	336	336	1	8	400	99	96		62.625
430	9	Sol5	G5	349	349	1	8	400	99	96		62.75
431	9	Fa5	F5	340	340	1	8	400	99	96		62.875
432	9	Mi5	E5	336	336	1	8	400	95	96		63
433	9	Mi5	E5	336	336	3	16	600	99	96	ber 	63.1875
434	9	Re5	D5	327	327	1	16	200	99	96		63.25
435	9	Do5#4	C5#4	322	322	1	8	400	99	96		63.375
436	9	Re5	D5	327	327	1	8	400	99	96		63.5
437	9	Do5#4	C5#4	322	322	1	4	800	99	96		63.75
438	9	Re5	D5	327	327	1	4	800	100	96		64
439	9	Re5	D5	327	327	1	8	400	95	96		64.125
440	9			-1	-1	1	8	400	100	0		64.25
441	53			0	0	0	0	0	0	0		64.25
442	9	Re5	D5	327	327	1	2	1600	99	96	bû 	64.75
443	9	Mi5	E5	336	336	1	4	800	100	96		65
444	9	Mi5	E5	336	336	1	2	1600	95	96		65.5
445	53			0	0	0	0	0	0	0		65.5
446	9	Mi5	E5	336	336	1	8	400	99	96	bû 	65.625
447	9	Fa5	F5	340	340	1	8	400	99	96		65.75
448	9	Mi5	E5	336	336	1	8	400	99	96		65.875
449	9	Fa5	F5	340	340	1	8	400	99	96		66
450	9	Mi5	E5	336	336	1	4	800	99	96		66.25
451	9	Fa5	F5	340	340	1	8	400	99	96		66.375
452	9	Mi5	E5	336	336	1	8	400	99	96		66.5
453	9	Re5	D5	327	327	1	8	400	99	96		66.625
454	9	Do5#4	C5#4	322	322	1	8	400	99	96		66.75
455	9	Re5	D5	327	327	1	4	800	100	96		67
456	9	Re5	D5	327	327	1	8	400	95	96		67.125
457	9			-1	-1	1	8	400	100	0		67.25
458	53			0	0	0	0	0	0	0		67.25
459	9	Do5#4	C5#4	322	322	1	8	400	99	96	bû	67.375
460	9	Re5	D5	327	327	1	8	400	99	96		67.5
461	9	Mi5	E5	336	336	1	8	400	99	96		67.625
462	9	Fa5	F5	340	340	1	8	400	99	96		67.75
463	9	Mi5	E5	336	336	1	8	400	95	96		67.875
464	9	Re5	D5	327	327	1	8	400	95	96	la	68
465	9	Mi5	E5	336	336	3	16	600	99	96	ra  	68.1875
466	9	Re5	D5	327	327	1	16	200	99	96		68.25
467	9	Do5#4	C5#4	322	322	1	8	400	99	96		68.375
468	9	Re5	D5	327	327	1	8	400	99	96		68.5
469	9	Do5#4	C5#4	322	322	1	8	400	99	96		68.625
470	9	Re5	D5	327	327	1	8	400	99	96		68.75
471	8	Fa5	F5	340	340	0	0	0	99	96		68.75
472	10	Mi5	E5	336	336	1	8	400	99	96		68.875
473	9	Mi5	E5	336	336	1	16	200	99	96		68.9375
474	9	Re5	D5	327	327	1	16	200	99	96		69
475	9	Re5	D5	327	327	3	4	2400	95	96		69.75
476	9			-1	-1	1	4	800	100	0		70
477	53			0	0	0	0	0	0	0		70
478	9	Re5	D5	327	327	1	4	800	99	96	Öm	70.25
479	9	Mi5	E5	336	336	1	8	400	99	96		70.375
480	9	Re5	D5	327	327	1	8	400	95	96		70.5
481	9	Do5#4	C5#4	322	322	1	4	800	99	96	rüm 	70.75
482	9	Re5	D5	327	327	1	8	400	99	96		70.875
483	9	Do5#4	C5#4	322	322	1	8	400	95	96		71
484	9	Si4b4	B4b4	310	310	1	4	800	99	96	câ	71.25
485	9	Do5#4	C5#4	322	322	1	8	400	99	96		71.375
486	9	Si4b4	B4b4	310	310	1	8	400	95	96		71.5
487	9	La4	A4	305	305	3	8	1200	67	96	ným 	71.875
488	53			0	0	0	0	0	0	0		71.875
489	9	La4	A4	305	305	1	8	400	95	96	a	72
490	9	La4	A4	305	305	1	8	400	99	96	man  	72.125
491	9	Do5#4	C5#4	322	322	1	8	400	99	96		72.25
492	9	Si4b4	B4b4	310	310	1	8	400	99	96		72.375
493	9	La4	A4	305	305	1	8	400	99	96		72.5
494	9	La4	A4	305	305	3	16	600	99	96		72.6875
495	9	Sol4	G4	296	296	1	16	200	99	96		72.75
496	9	Fa4#4	F4#4	291	291	1	8	400	99	96		72.875
497	9	Sol4	G4	296	296	1	8	400	95	96		73
498	9	La4	A4	305	305	1	8	400	99	96	Ah 	73.125
499	9	Si4b4	B4b4	310	310	1	8	400	99	96		73.25
500	9	La4	A4	305	305	1	8	400	99	96		73.375
501	9	Sol4	G4	296	296	1	8	400	95	96		73.5
502	9			-1	-1	1	8	400	100	0		73.625
503	53			0	0	0	0	0	0	0		73.625
504	54			0	0	0	0	0	0	0	segah@fa4#4	73.625
505	9	La4	A4	305	305	1	4	800	95	96	ye 	73.875
506	9	Si4	B4	314	314	1	8	400	95	96	le 	74
507	9	La4	A4	305	305	1	4	800	99	96	lel 	74.25
508	9	La4	A4	305	305	1	8	400	99	96		74.375
509	9	Sol4	G4	296	296	1	8	400	95	96		74.5
510	9	Fa4#4	F4#4	291	291	1	2	1600	95	96	li 	75
511	55			0	0	0	0	0	0	0		75
512	53			0	0	0	0	0	0	0		75
513	9	Sol4	G4	296	296	1	4	800	95	96	te 	75.25
514	9	Fa4#4	F4#4	291	291	1	8	400	95	96	re 	75.375
515	9	Mi4	E4	283	283	1	8	400	95	96	li 	75.5
516	9	Fa4#4	F4#4	291	291	1	8	400	99	96	yel 	75.625
517	9	Sol4	G4	296	296	1	8	400	99	96		75.75
518	9	Fa4#4	F4#4	291	291	1	8	400	95	96		75.875
519	9	Sol4	G4	296	296	1	8	400	95	96	le 	76
520	9	La4	A4	305	305	1	2	1600	95	96	lel  	76.5
521	9			-1	-1	1	4	800	100	0		76.75
522	53			0	0	0	0	0	0	0		76.75
523	9	La4	A4	305	305	1	8	400	95	96	Le 	76.875
524	9	La4	A4	305	305	1	8	400	95	96	le 	77
525	9	Si4b4	B4b4	310	310	3	16	600	99	96	lel 	77.1875
526	9	La4	A4	305	305	1	16	200	99	96		77.25
527	9	Si4b4	B4b4	310	310	1	8	400	99	96		77.375
528	9	Do5#4	C5#4	322	322	1	8	400	99	96		77.5
529	9	Si4b4	B4b4	310	310	3	16	600	99	96		77.6875
530	9	La4	A4	305	305	1	16	200	95	96		77.75
531	9	Sol4	G4	296	296	1	8	400	95	96	le 	77.875
532	9	Sol4	G4	296	296	1	8	400	95	96	le 	78
533	9	Re5	D5	327	327	1	2	1600	99	96	lel 	78.5
534	53			0	0	0	0	0	0	0		78.5
535	54			0	0	0	0	0	0	0	nisabur@si4	78.5
536	9	Re5	D5	327	327	1	8	400	99	96		78.625
537	9	Do5#4	C5#4	322	322	1	8	400	95	96		78.75
538	9	Si4	B4	314	314	1	8	400	95	96	le 	78.875
539	9	Do5#4	C5#4	322	322	1	8	400	95	96	le 	79
540	9	Re5	D5	327	327	1	2	1600	95	96	lel 	79.5
541	9			-1	-1	1	4	800	100	0		79.75
542	55			0	0	0	0	0	0	0		79.75
543	53			0	0	0	0	0	0	0		79.75
544	9	Do5#4	C5#4	322	322	1	8	400	95	96	le 	79.875
545	9	Re5	D5	327	327	1	8	400	95	96	le 	80
546	9	Mi5	E5	336	336	1	8	400	99	96	lel 	80.125
547	9	Fa5	F5	340	340	1	8	400	99	96		80.25
548	9	Mi5	E5	336	336	1	8	400	99	96		80.375
549	9	Re5	D5	327	327	1	8	400	95	96		80.5
550	9	Mi5	E5	336	336	1	8	400	99	96	lel 	80.625
551	9	Sol5	G5	349	349	1	8	400	99	96		80.75
552	9	Fa5	F5	340	340	1	8	400	99	96		80.875
553	9	Mi5	E5	336	336	1	8	400	95	96		81
554	9	Mi5	E5	336	336	3	16	600	99	96	li  	81.1875
555	9	Re5	D5	327	327	1	16	200	99	96		81.25
556	9	Do5#4	C5#4	322	322	1	8	400	99	96		81.375
557	9	Re5	D5	327	327	1	8	400	95	96		81.5
558	54			0	0	0	0	0	0	0	ussak@mi5	81.5
559	9	Sol5	G5	349	349	3	16	600	99	96	Ah 	81.6875
560	9	Fa5#4	F5#4	344	344	1	16	200	99	96		81.75
561	9	Mi5	E5	336	336	1	4	800	100	96		82
562	9	Mi5	E5	336	336	1	8	400	95	96		82.125
563	9			-1	-1	1	8	400	100	0		82.25
564	55			0	0	0	0	0	0	0		82.25
565	53			0	0	0	0	0	0	0		82.25
566	9	Do5#4	C5#4	322	322	1	8	400	95	96	be	82.375
567	9	Re5	D5	327	327	1	8	400	95	96	li 	82.5
568	9	Mi5	E5	336	336	1	8	400	99	96	yâ	82.625
569	9	Fa5#4	F5#4	344	344	1	8	400	95	96		82.75
570	9	Sol5	G5	349	349	1	4	800	95	96	rim 	83
571	9	Fa5#4	F5#4	344	344	1	4	800	99	96	be	83.25
572	9	Sol5	G5	349	349	1	8	400	95	96		83.375
573	9	Fa5#4	F5#4	344	344	1	8	400	95	96	li 	83.5
574	9	Fa5#4	F5#4	344	344	3	16	600	99	96	mî	83.6875
575	9	Mi5	E5	336	336	1	16	200	95	96		83.75
576	9	Re5	D5	327	327	1	8	400	95	96	rim_	83.875
577	9	Mi5	E5	336	336	1	8	400	95	96	a	84
578	9	Fa5	F5	340	340	1	2	1600	99	96	man  	84.5
579	53			0	0	0	0	0	0	0		84.5
580	9	Mi5	E5	336	336	1	8	400	99	96		84.625
581	9	Re5	D5	327	327	1	8	400	99	96		84.75
582	9	Do5#4	C5#4	322	322	1	8	400	99	96		84.875
583	9	Fa5	F5	340	340	1	8	400	99	96		85
584	9	Mi5	E5	336	336	1	8	400	99	96		85.125
585	9	Re5	D5	327	327	1	8	400	99	96		85.25
586	9	Do5#4	C5#4	322	322	1	8	400	99	96		85.375
587	9	Si4b4	B4b4	310	310	1	8	400	99	96		85.5
588	9	La4	A4	305	305	1	8	400	95	96		85.625
589	53			0	0	0	0	0	0	0		85.625
590	9	La4	A4	305	305	1	4	800	95	96	Zülf_	85.875
591	9	Si4b4	B4b4	310	310	1	8	400	95	96	i 	86
592	9	La4	A4	305	305	1	8	400	99	96	an	86.125
593	9	Si4b4	B4b4	310	310	1	8	400	99	96		86.25
594	9	La4	A4	305	305	1	8	400	99	96		86.375
595	9	Si4b4	B4b4	310	310	1	8	400	99	96		86.5
596	9	La4	A4	305	305	1	8	400	99	96		86.625
597	9	Mi5	E5	336	336	1	8	400	99	96		86.75
598	9	Re5	D5	327	327	1	8	400	99	96		86.875
599	9	Do5#4	C5#4	322	322	1	8	400	95	96		87
600	9	Do5#4	C5#4	322	322	1	8	400	99	96	ber 	87.125
601	9	Si4b4	B4b4	310	310	1	4	800	99	96		87.375
602	9	La4	A4	305	305	1	8	400	99	96		87.5
603	9	La4	A4	305	305	1	4	800	99	96		87.75
604	9	Re5	D5	327	327	1	4	800	100	96		88
605	9	Re5	D5	327	327	1	4	800	95	96		88.25
606	53			0	0	0	0	0	0	0		88.25
607	9	Do5#4	C5#4	322	322	1	8	400	99	96	bû 	88.375
608	9	Re5	D5	327	327	1	8	400	99	96		88.5
609	9	Mi5	E5	336	336	3	16	600	99	96		88.6875
610	9	Re5	D5	327	327	1	16	200	99	96		88.75
611	9	Do5#4	C5#4	322	322	1	4	800	100	96		89
612	9	Do5#4	C5#4	322	322	1	8	400	95	96		89.125
613	9			-1	-1	1	8	400	100	0		89.25
614	53			0	0	0	0	0	0	0		89.25
615	9	Si4b4	B4b4	310	310	1	8	400	99	96	bû 	89.375
616	9	Do5#4	C5#4	322	322	1	8	400	99	96		89.5
617	9	Re5	D5	327	327	3	16	600	99	96		89.6875
618	9	Do5#4	C5#4	322	322	1	16	200	99	96		89.75
619	9	Si4b4	B4b4	310	310	1	4	800	99	96		90
620	9	Do5#4	C5#4	322	322	3	16	600	99	96		90.1875
621	9	Si4b4	B4b4	310	310	1	16	200	99	96		90.25
622	9	La4	A4	305	305	1	4	800	95	96		90.5
623	53			0	0	0	0	0	0	0		90.5
624	9	La4	A4	305	305	1	8	400	99	96	bû	90.625
625	9	Do5#4	C5#4	322	322	1	8	400	99	96		90.75
626	9	Si4b4	B4b4	310	310	1	8	400	99	96		90.875
627	9	La4	A4	305	305	1	8	400	99	96		91
628	54			0	0	0	0	0	0	0	hicaz-zirgule@la4	91
629	9	Si4b4	B4b4	310	310	3	16	600	99	96		91.1875
630	9	La4	A4	305	305	1	16	200	99	96		91.25
631	9	Sol4#4	G4#4	300	300	1	8	400	99	96		91.375
632	9	La4	A4	305	305	1	8	400	99	96		91.5
633	9	Sol4#4	G4#4	300	300	1	8	400	99	96		91.625
634	9	La4	A4	305	305	1	8	400	99	96		91.75
635	9	Sol4#4	G4#4	300	300	1	8	400	95	96		91.875
636	9	Fa4	F4	287	287	1	8	400	95	96	la	92
637	9	La4	A4	305	305	3	4	2400	99	96	ra 	92.75
638	9	Do5#4	C5#4	322	322	1	4	800	95	96		93
639	9			-1	-1	1	8	400	100	0		93.125
640	9	La4	A4	305	305	1	4	800	99	96	ra 	93.375
641	9	Si4b4	B4b4	310	310	1	8	400	99	96		93.5
642	9	La4	A4	305	305	1	8	400	99	96		93.625
643	9	Mi5	E5	336	336	1	8	400	99	96		93.75
644	9	Re5	D5	327	327	1	8	400	99	96		93.875
645	9	Do5#4	C5#4	322	322	1	8	400	95	96		94
646	9	Do5#4	C5#4	322	322	1	8	400	99	96	vay  	94.125
647	9	Si4b4	B4b4	310	310	1	4	800	99	96		94.375
648	9	La4	A4	305	305	1	8	400	99	96		94.5
649	9	Sol4#4	G4#4	300	300	1	8	400	99	96		94.625
650	9	La4	A4	305	305	1	8	400	99	96		94.75
651	8	Do5#4	C5#4	322	322	0	0	0	99	93		94.75
652	9	Si4b4	B4b4	310	310	1	8	400	99	96		94.875
653	9	Si4b4	B4b4	310	310	1	16	200	99	96		94.9375
654	9	La4	A4	305	305	1	16	200	99	96		95
655	9	La4	A4	305	305	3	4	2400	95	96		95.75
656	55			0	0	0	0	0	0	0		95.75
657	53			0	0	0	0	0	0	0		95.75
658	9			-1	-1	1	4	800	100	0		96
659	54			0	0	0	0	0	0	0	huseyni@mi5	96
660	9	Re5	D5	327	327	1	4	800	99	96	Ah 	96.25
661	9	Mi5	E5	336	336	3	4	2400	100	96		97
662	9	Mi5	E5	336	336	3	8	1200	99	96		97.375
663	9	Re5	D5	327	327	1	8	400	95	96		97.5
664	53			0	0	0	0	0	0	0		97.5
665	9	Mi5	E5	336	336	3	16	600	99	96	ga	97.6875
666	9	Re5	D5	327	327	1	16	200	99	96		97.75
667	9	Do5	C5	318	318	1	8	400	99	96		97.875
668	9	Re5	D5	327	327	1	8	400	95	96		98
669	9	Mi5	E5	336	336	3	8	1200	99	96	ze 	98.375
670	9	Fa5#4	F5#4	344	344	1	8	400	99	96		98.5
671	9	Sol5	G5	349	349	3	8	1200	99	96		98.875
672	9	Fa5#4	F5#4	344	344	1	8	400	95	96		99
673	9	Fa5#4	F5#4	344	344	1	8	400	99	96	hâ	99.125
674	9	Sol5	G5	349	349	1	8	400	99	96		99.25
675	9	Fa5#4	F5#4	344	344	1	8	400	99	96		99.375
676	9	Mi5	E5	336	336	1	8	400	99	96		99.5
677	9	Mi5	E5	336	336	3	8	1200	95	96		99.875
678	55			0	0	0	0	0	0	0		99.875
679	9			-1	-1	1	8	400	100	0		100
680	55			0	0	0	0	0	0	0		100
681	53			0	0	0	0	0	0	0		100
682	9	Do5#4	C5#4	322	322	1	4	800	99	96	cet 	100.25
683	9	Re5	D5	327	327	1	8	400	99	96		100.375
684	9	Do5#4	C5#4	322	322	1	8	400	99	96		100.5
685	9	Re5	D5	327	327	1	4	800	99	96		100.75
686	9	Mi5	E5	336	336	1	8	400	99	96		100.875
687	9	Re5	D5	327	327	1	8	400	99	96		101
688	9	Mi5	E5	336	336	1	4	800	99	96		101.25
689	9	Fa5#4	F5#4	344	344	1	8	400	99	96		101.375
690	9	Mi5	E5	336	336	1	8	400	99	96		101.5
691	9	Fa5#4	F5#4	344	344	1	4	800	99	96		101.75
692	9	Sol5	G5	349	349	1	4	800	99	96		102
693	53			0	0	0	0	0	0	0		102
694	9	Fa5#4	F5#4	344	344	1	4	800	99	96		102.25
695	9	Sol5	G5	349	349	1	8	400	99	96		102.375
696	9	Fa5#4	F5#4	344	344	1	8	400	99	96		102.5
697	9	Mi5	E5	336	336	1	8	400	99	96		102.625
698	9	Fa5#4	F5#4	344	344	1	8	400	99	96		102.75
699	9	Re5	D5	327	327	1	4	800	95	96		103
700	9			-1	-1	1	4	800	100	0		103.25
701	53			0	0	0	0	0	0	0		103.25
702	9	Mi5	E5	336	336	1	8	400	99	96	cet 	103.375
703	9	Fa5	F5	340	340	1	8	400	99	96		103.5
704	9	Fa5	F5	340	340	1	4	800	95	96		103.75
705	9	Mi5	E5	336	336	1	8	400	99	96	mi 	103.875
706	9	Re5	D5	327	327	1	8	400	95	96		104
707	53			0	0	0	0	0	0	0		104
708	9	Do5#4	C5#4	322	322	1	4	800	99	96	ey 	104.25
709	9	Re5	D5	327	327	1	2	1600	99	96		104.75
710	9	Do5#4	C5#4	322	322	1	8	400	99	96		104.875
711	9	Si4b4	B4b4	310	310	1	8	400	99	96		105
712	9	La4	A4	305	305	3	16	600	99	96		105.1875
713	9	Si4b4	B4b4	310	310	1	16	200	99	96		105.25
714	9	La4	A4	305	305	1	8	400	99	96		105.375
715	9	Si4b4	B4b4	310	310	1	8	400	95	96		105.5
716	9	La4	A4	305	305	1	8	400	99	96	ey  	105.625
717	9	Mi5	E5	336	336	1	8	400	99	96		105.75
718	9	Re5	D5	327	327	1	8	400	99	96		105.875
719	9	Do5#4	C5#4	322	322	1	8	400	99	96		106
720	54			0	0	0	0	0	0	0	hicaz-zirgule@la4	106
721	9	Do5#4	C5#4	322	322	1	8	400	99	96		106.125
722	9	Si4b4	B4b4	310	310	1	4	800	99	96		106.375
723	9	La4	A4	305	305	1	8	400	99	96		106.5
724	9	Sol4#4	G4#4	300	300	1	8	400	99	96		106.625
725	9	La4	A4	305	305	1	8	400	99	96		106.75
726	8	Do5#4	C5#4	322	322	0	0	0	99	93		106.75
727	9	Si4b4	B4b4	310	310	1	8	400	99	96		106.875
728	9	Si4b4	B4b4	310	310	1	16	200	99	96		106.9375
729	9	La4	A4	305	305	1	16	200	99	96		107
730	9	La4	A4	305	305	3	4	2400	95	96		107.75
731	9			-1	-1	1	4	800	100	0		108
732	55			0	0	0	0	0	0	0		108
733	53			0	0	0	0	0	0	0		108
734	54			0	0	0	0	0	0	0	huseyni@mi5	108
735	9	Re5	D5	327	327	1	4	800	99	96	Meþ	108.25
736	9	Mi5	E5	336	336	3	4	2400	100	96		109
737	9	Mi5	E5	336	336	3	8	1200	99	96		109.375
738	9	Re5	D5	327	327	1	8	400	95	96		109.5
739	53			0	0	0	0	0	0	0		109.5
740	9	Mi5	E5	336	336	3	16	600	99	96	þât_	109.6875
741	9	Re5	D5	327	327	1	16	200	99	96		109.75
742	9	Do5	C5	318	318	1	8	400	95	96		109.875
743	9	Re5	D5	327	327	1	8	400	95	96	ý 	110
744	9	Mi5	E5	336	336	3	8	1200	99	96	sem	110.375
745	55			0	0	0	0	0	0	0		110.375
746	53			0	0	0	0	0	0	0		110.375
747	9	Fa5#4	F5#4	344	344	1	8	400	99	96		110.5
748	9	Sol5	G5	349	349	1	2	1600	99	96		111
749	9	Fa5#4	F5#4	344	344	1	4	800	95	96		111.25
750	9	Sol5	G5	349	349	1	8	400	99	96	mû	111.375
751	9	Fa5#4	F5#4	344	344	1	8	400	99	96		111.5
752	9	Mi5	E5	336	336	1	8	400	99	96		111.625
753	9	Fa5#4	F5#4	344	344	1	8	400	99	96		111.75
754	9	Re5	D5	327	327	1	4	800	100	96		112
755	9	Re5	D5	327	327	1	8	400	95	96		112.125
756	9			-1	-1	1	8	400	100	0		112.25
757	53			0	0	0	0	0	0	0		112.25
758	9	Do5#4	C5#4	322	322	1	8	400	99	96	ri 	112.375
759	9	Re5	D5	327	327	1	8	400	99	96		112.5
760	9	Mi5	E5	336	336	1	2	1600	100	96		113
761	9	Mi5	E5	336	336	1	8	400	95	96		113.125
762	9			-1	-1	1	8	400	100	0		113.25
763	53			0	0	0	0	0	0	0		113.25
764	9	Do5#4	C5#4	322	322	1	8	400	99	96	ri 	113.375
765	9	Re5	D5	327	327	1	8	400	99	96		113.5
766	9	Mi5	E5	336	336	1	8	400	99	96		113.625
767	9	Fa5#4	F5#4	344	344	1	8	400	99	96		113.75
768	9	Sol5	G5	349	349	1	4	800	99	96		114
769	9	Fa5#4	F5#4	344	344	1	4	800	99	96		114.25
770	9	Sol5	G5	349	349	1	8	400	99	96		114.375
771	9	Fa5#4	F5#4	344	344	1	8	400	99	96		114.5
772	9	Mi5	E5	336	336	1	8	400	99	96		114.625
773	9	Fa5#4	F5#4	344	344	1	8	400	99	96		114.75
774	9	Re5	D5	327	327	1	4	800	100	96		115
775	9	Re5	D5	327	327	1	8	400	95	96		115.125
776	9			-1	-1	1	8	400	100	0		115.25
777	53			0	0	0	0	0	0	0		115.25
778	9	Fa5#4	F5#4	344	344	1	8	400	99	96	ri 	115.375
779	9	Sol5	G5	349	349	1	8	400	99	96		115.5
780	9	Fa5#4	F5#4	344	344	1	4	800	95	96		115.75
781	9	La5	A5	358	358	1	4	800	95	96	si	116
782	9			-1	-1	1	8	400	100	0		116.125
783	53			0	0	0	0	0	0	0		116.125
784	54			0	0	0	0	0	0	0	ussak@mi5	116.125
785	9	Fa5#4	F5#4	344	344	1	4	800	99	96	yah 	116.375
786	9	Sol5	G5	349	349	1	8	400	99	96		116.5
787	9	Fa5#4	F5#4	344	344	1	8	400	99	96		116.625
788	9	Sol5	G5	349	349	1	8	400	99	96		116.75
789	9	Fa5#4	F5#4	344	344	1	8	400	99	96		116.875
790	9	Mi5	E5	336	336	1	8	400	99	96		117
791	9	Mi5	E5	336	336	3	4	2400	95	96		117.75
792	9			-1	-1	1	4	800	100	0		118
793	55			0	0	0	0	0	0	0		118
794	53			0	0	0	0	0	0	0		118
795	9	Mi5	E5	336	336	1	8	400	99	96	öm	118.125
796	9	Fa5	F5	340	340	1	4	800	99	96		118.375
797	9	Mi5	E5	336	336	1	16	200	99	96		118.4375
798	9	Re5	D5	327	327	1	16	200	95	96		118.5
799	9	Re5	D5	327	327	1	2	1600	95	96	rüm 	119
800	53			0	0	0	0	0	0	0		119
801	9	Re5	D5	327	327	1	8	400	99	96	câ	119.125
802	9	Mi5	E5	336	336	1	4	800	99	96		119.375
803	9	Re5	D5	327	327	1	16	200	99	96		119.4375
804	9	Do5	C5	318	318	1	16	200	95	96		119.5
805	9	Do5	C5	318	318	3	8	1200	67	96	ným 	119.875
806	53			0	0	0	0	0	0	0		119.875
807	54			0	0	0	0	0	0	0	saba@la4	119.875
808	9	Re5b3	D5b4	324	323	1	8	400	95	96	a	120
809	9	Re5b3	D5b4	324	323	3	16	600	99	96	man  	120.1875
810	9	Do5	C5	318	318	1	16	200	99	96		120.25
811	9	Si4b1	B4b1	313	313	1	8	400	99	96		120.375
812	9	Do5	C5	318	318	1	8	400	99	96		120.5
813	9	Si4b1	B4b1	313	313	1	8	400	99	96		120.625
814	9	Do5	C5	318	318	1	8	400	99	96		120.75
815	8	Mi5	E5	336	336	0	0	0	99	93		120.75
816	9	Re5b3	D5b4	324	323	1	8	400	99	96		120.875
817	9	Re5b3	D5b4	324	323	1	16	200	99	96		120.9375
818	9	Do5	C5	318	318	1	16	200	95	96		121
819	9	Do5	C5	318	318	1	8	400	99	96	Ah 	121.125
820	9	Re5b3	D5b4	324	323	1	8	400	99	96		121.25
821	9	Do5	C5	318	318	1	8	400	99	96		121.375
822	9	Si4b1	B4b1	313	313	1	8	400	95	96		121.5
823	9			-1	-1	1	8	400	100	0		121.625
824	53			0	0	0	0	0	0	0		121.625
825	9	Do5	C5	318	318	1	4	800	95	96	yel 	121.875
826	9	Re5b3	D5b4	324	323	1	8	400	95	96	le 	122
827	9	Re5b3	D5b4	324	323	1	8	400	99	96	lel 	122.125
828	9	Do5	C5	318	318	1	4	800	99	96		122.375
829	9	Si4b1	B4b1	313	313	1	8	400	95	96		122.5
830	9	Do5	C5	318	318	3	16	600	99	96	li 	122.6875
831	9	Si4b1	B4b1	313	313	1	16	200	99	96		122.75
832	9	La4	A4	305	305	1	4	800	95	96		123
833	55			0	0	0	0	0	0	0		123
834	53			0	0	0	0	0	0	0		123
835	9	Si4	B4	314	314	1	4	800	95	96	te 	123.25
836	9	La4	A4	305	305	1	8	400	95	96	re 	123.375
837	9	Sol4	G4	296	296	1	8	400	95	96	li 	123.5
838	9	La4	A4	305	305	1	8	400	99	96	yel 	123.625
839	9	Si4b1	B4b1	313	313	1	8	400	99	96		123.75
840	9	La4	A4	305	305	1	8	400	95	96		123.875
841	9	Si4b1	B4b1	313	313	1	8	400	95	96	le 	124
842	9	Do5	C5	318	318	5	8	2000	95	96	lel  	124.625
843	9			-1	-1	1	8	400	100	0		124.75
844	53			0	0	0	0	0	0	0		124.75
845	9	Si4	B4	314	314	1	8	400	95	96	Le 	124.875
846	9	Do5#4	C5#4	322	322	1	8	400	95	96	le 	125
847	9	Re5	D5	327	327	1	2	1600	99	96	lel 	125.5
848	9	Re5	D5	327	327	1	8	400	95	96		125.625
849	9			-1	-1	1	8	400	100	0		125.75
850	53			0	0	0	0	0	0	0		125.75
851	9	Do5#4	C5#4	322	322	1	8	400	95	96	le 	125.875
852	9	Re5	D5	327	327	1	8	400	95	96	le 	126
853	9	Mi5	E5	336	336	3	4	2400	95	96	lel 	126.75
854	9	Fa5#4	F5#4	344	344	3	32	300	99	96	lel 	126.8438
855	9	Mi5	E5	336	336	1	32	100	99	96		126.875
856	9	Fa5#4	F5#4	344	344	1	8	400	95	96		127
857	9	Re5	D5	327	327	5	8	2000	95	96	lel 	127.625
858	9			-1	-1	1	8	400	100	0		127.75
859	53			0	0	0	0	0	0	0		127.75
860	9	Mi5	E5	336	336	1	8	400	95	96	le 	127.875
861	9	Fa5#4	F5#4	344	344	1	8	400	95	96	le 	128
862	9	Sol5	G5	349	349	1	8	400	99	96	lel 	128.125
863	9	La5	A5	358	358	1	8	400	99	96		128.25
864	9	Sol5	G5	349	349	1	8	400	99	96		128.375
865	9	Fa5#4	F5#4	344	344	1	8	400	95	96		128.5
866	9	Sol5	G5	349	349	1	8	400	99	96	lel 	128.625
867	9	Si5	B5	367	367	1	8	400	99	96		128.75
868	9	La5	A5	358	358	1	8	400	99	96		128.875
869	9	Sol5#4	G5#4	353	353	1	8	400	95	96		129
870	9	Fa5	F5	340	340	3	16	600	99	96	li  	129.1875
871	9	Mi5	E5	336	336	1	16	200	99	96		129.25
872	9	Mi5	E5	336	336	1	4	800	95	96		129.5
873	53			0	0	0	0	0	0	0		129.5
874	54			0	0	0	0	0	0	0	sehnazbuselik@la5	129.5
875	9	La5	A5	358	358	1	2	1600	100	96	Ah 	130
876	9	La5	A5	358	358	1	8	400	95	96		130.125
877	9			-1	-1	1	8	400	100	0		130.25
878	9	Sol5#4	G5#4	353	353	1	8	400	95	96	be	130.375
879	9	La5	A5	358	358	1	8	400	95	96	li 	130.5
880	9	La5	A5	358	358	1	4	800	95	96	yâ	130.75
881	9	La5	A5	358	358	1	4	800	95	96	rim 	131
882	9	Sol5#4	G5#4	353	353	1	4	800	99	96	be	131.25
883	9	La5	A5	358	358	1	8	400	95	96		131.375
884	9	Sol5#4	G5#4	353	353	1	8	400	95	96	li 	131.5
885	9	Fa5#4	F5#4	344	344	3	16	600	99	96	câ	131.6875
886	9	Mi5	E5	336	336	1	16	200	95	96		131.75
887	9	Re5	D5	327	327	1	8	400	95	96	ným_	131.875
888	9	Mi5	E5	336	336	1	8	400	95	96	a	132
889	9	Mi5	E5	336	336	1	2	1600	99	96	man  	132.5
890	53			0	0	0	0	0	0	0		132.5
891	9	Re5	D5	327	327	1	4	800	99	96		132.75
892	9	Mi5	E5	336	336	1	8	400	99	96		132.875
893	9	Re5	D5	327	327	1	8	400	95	96		133
894	9	Do5	C5	318	318	3	16	600	99	96	Meþ	133.1875
895	9	Si4	B4	314	314	1	16	200	99	96		133.25
896	9	La4	A4	305	305	1	4	800	95	96		133.5
897	53			0	0	0	0	0	0	0		133.5
898	9	Do5	C5	318	318	1	8	400	99	96	þât_	133.625
899	9	Si4	B4	314	314	1	8	400	99	96		133.75
900	9	Do5	C5	318	318	1	8	400	99	96		133.875
901	9	Re5	D5	327	327	1	8	400	95	96		134
902	9	Do5	C5	318	318	3	16	600	99	96	ý 	134.1875
903	9	Si4	B4	314	314	1	16	200	99	96		134.25
904	9	La4	A4	305	305	1	4	800	95	96		134.5
905	53			0	0	0	0	0	0	0		134.5
906	9	Do5	C5	318	318	3	16	600	99	96	sem	134.6875
907	9	Si4	B4	314	314	1	16	200	99	96		134.75
908	9	La4	A4	305	305	1	8	400	99	96		134.875
909	9	Si4	B4	314	314	1	8	400	95	96		135
910	9	Sol4#4	G4#4	300	300	1	4	800	99	96	mû	135.25
911	9	La4	A4	305	305	3	4	2400	95	96		136
912	9			-1	-1	1	4	800	100	0		136.25
913	53			0	0	0	0	0	0	0		136.25
914	9	Mi5	E5	336	336	1	8	400	99	96	ri 	136.375
915	9	Fa5	F5	340	340	1	8	400	99	96		136.5
916	9	Mi5	E5	336	336	3	16	600	99	96		136.6875
917	9	Re5	D5	327	327	1	16	200	99	96		136.75
918	9	Do5	C5	318	318	1	4	800	100	96		137
919	9	Do5	C5	318	318	1	8	400	95	96		137.125
920	9			-1	-1	1	8	400	100	0		137.25
921	53			0	0	0	0	0	0	0		137.25
922	9	Re5	D5	327	327	1	8	400	99	96	ri 	137.375
923	9	Fa5	F5	340	340	1	8	400	99	96		137.5
924	9	Mi5	E5	336	336	1	8	400	99	96		137.625
925	9	Re5	D5	327	327	1	8	400	99	96		137.75
926	9	Do5#4	C5#4	322	322	1	8	400	99	96		137.875
927	9	Si4	B4	314	314	1	8	400	99	96		138
928	9	Do5	C5	318	318	1	8	400	99	96		138.125
929	9	Si4	B4	314	314	1	8	400	99	96		138.25
930	9	Do5	C5	318	318	1	8	400	99	96		138.375
931	9	Re5	D5	327	327	1	8	400	99	96		138.5
932	9	Do5	C5	318	318	3	16	600	99	96		138.6875
933	9	Si4	B4	314	314	1	16	200	99	96		138.75
934	9	La4	A4	305	305	1	4	800	95	96		139
935	53			0	0	0	0	0	0	0		139
936	9	Si4	B4	314	314	3	16	600	99	96	ri 	139.1875
937	9	La4	A4	305	305	1	16	200	99	96		139.25
938	9	Sol4#4	G4#4	300	300	1	8	400	99	96		139.375
939	9	La4	A4	305	305	1	8	400	99	96		139.5
940	9	Sol4#4	G4#4	300	300	1	8	400	99	96		139.625
941	9	La4	A4	305	305	1	8	400	99	96		139.75
942	9	Sol4#4	G4#4	300	300	1	8	400	95	96		139.875
943	9	La4	A4	305	305	1	16	200	99	96	si	139.9375
944	9	Si4	B4	314	314	1	16	200	99	96		140
945	9	La4	A4	305	305	1	8	400	95	96		140.125
946	9	Si4	B4	314	314	5	8	2000	99	96	yah 	140.75
947	53			0	0	0	0	0	0	0		140.75
948	9	Do5	C5	318	318	3	16	600	99	96		140.9375
949	9	Si4	B4	314	314	1	16	200	99	96		141
950	9	La4	A4	305	305	1	2	1600	95	96		141.5
951	53			0	0	0	0	0	0	0		141.5
952	9	Re5	D5	327	327	1	8	400	99	96	yah 	141.625
953	9	Fa5	F5	340	340	1	8	400	99	96		141.75
954	9	Mi5	E5	336	336	1	8	400	99	96		141.875
955	9	Re5	D5	327	327	1	8	400	95	96		142
956	9	Re5	D5	327	327	3	16	600	99	96	vay  	142.1875
957	9	Do5	C5	318	318	1	16	200	99	96		142.25
958	9	Si4	B4	314	314	1	8	400	99	96		142.375
959	9	Do5	C5	318	318	1	8	400	99	96		142.5
960	9	Si4	B4	314	314	1	8	400	99	96		142.625
961	9	Do5	C5	318	318	1	8	400	99	96		142.75
962	9	Si4	B4	314	314	1	8	400	99	96		142.875
963	9	La4	A4	305	305	1	8	400	99	96		143
964	9	La4	A4	305	305	3	4	2400	95	96		143.75
965	9			-1	-1	1	4	800	100	0		144
966	55			0	0	0	0	0	0	0		144
967	53			0	0	0	0	0	0	0		144
968	9	Re5	D5	327	327	1	2	1600	99	96	Ah 	144.5
969	9	Do5#4	C5#4	322	322	1	8	400	99	96		144.625
970	9	Re5	D5	327	327	1	8	400	99	96		144.75
971	8	Fa5	F5	340	340	0	0	0	99	93		144.75
972	9	Mi5	E5	336	336	1	8	400	99	96		144.875
973	9	Mi5	E5	336	336	1	16	200	99	96		144.9375
974	9	Re5	D5	327	327	1	16	200	99	96		145
975	9	Re5	D5	327	327	1	2	1600	95	96		145.5
976	9			-1	-1	1	8	400	100	0		145.625
977	53			0	0	0	0	0	0	0		145.625
978	9	Re5	D5	327	327	1	8	400	99	96	ves	145.75
979	9	Do5#4	C5#4	322	322	1	8	400	95	96		145.875
980	9	Re5	D5	327	327	1	8	400	95	96	me	146
981	54			0	0	0	0	0	0	0	nisabur@si4	146
982	9	Mi5	E5	336	336	1	4	800	99	96	ler 	146.25
983	9	Fa5	F5	340	340	1	8	400	99	96		146.375
984	9	Mi5	E5	336	336	1	8	400	99	96		146.5
985	9	Re5	D5	327	327	1	16	200	99	96		146.5625
986	9	Do5#4	C5#4	322	322	1	16	200	99	96		146.625
987	9	Si4	B4	314	314	1	8	400	99	96		146.75
988	9	Do5#4	C5#4	322	322	1	8	400	99	96		146.875
989	9	Re5	D5	327	327	1	8	400	95	96		147
990	9	Do5#4	C5#4	322	322	1	4	800	99	96	çek	147.25
991	9	Re5	D5	327	327	1	2	1600	95	96		147.75
992	9			-1	-1	1	4	800	100	0		148
993	55			0	0	0	0	0	0	0		148
994	53			0	0	0	0	0	0	0		148
995	9	Re5	D5	327	327	1	4	800	99	96	me 	148.25
996	9	Mi5	E5	336	336	1	8	400	99	96		148.375
997	9	Re5	D5	327	327	1	8	400	99	96		148.5
998	9	Do5#4	C5#4	322	322	1	4	800	99	96		148.75
999	9	Re5	D5	327	327	1	8	400	99	96		148.875
1000	9	Do5#4	C5#4	322	322	1	8	400	99	96		149
1001	9	Si4b4	B4b4	310	310	1	4	800	99	96		149.25
1002	9	Do5#4	C5#4	322	322	1	8	400	99	96		149.375
1003	9	Si4b4	B4b4	310	310	1	8	400	99	96		149.5
1004	9	La4	A4	305	305	1	4	800	99	96		149.75
1005	9	La4	A4	305	305	1	8	400	99	96		149.875
1006	9	La4	A4	305	305	1	8	400	99	96		150
1007	9	La4	A4	305	305	1	2	1600	95	96		150.5
1008	53			0	0	0	0	0	0	0		150.5
1009	54			0	0	0	0	0	0	0	hicaz-zirgule@la4	150.5
1010	9	La4	A4	305	305	1	8	400	99	96	me 	150.625
1011	9	Do5#4	C5#4	322	322	1	8	400	99	96		150.75
1012	9	Si4b4	B4b4	310	310	1	8	400	99	96		150.875
1013	9	La4	A4	305	305	1	8	400	99	96		151
1014	9	La4	A4	305	305	1	16	200	99	96		151.0625
1015	9	Sol4#4	G4#4	300	300	1	16	200	99	96		151.125
1016	9	Fa4	F4	287	287	1	8	400	99	96		151.25
1017	9	Sol4#4	G4#4	300	300	1	8	400	99	96		151.375
1018	9	La4	A4	305	305	1	8	400	99	96		151.5
1019	9	Sol4#4	G4#4	300	300	1	8	400	99	96		151.625
1020	9	La4	A4	305	305	1	8	400	99	96		151.75
1021	9	Sol4#4	G4#4	300	300	1	8	400	95	96		151.875
1022	9	Fa4#4	F4#4	291	291	1	8	400	95	96	ha	152
1023	9	La4	A4	305	305	3	4	2400	99	96	tâ 	152.75
1024	9	Do5#4	C5#4	322	322	1	4	800	95	96		153
1025	53			0	0	0	0	0	0	0		153
1026	9			-1	-1	1	8	400	100	0		153.125
1027	9	La4	A4	305	305	1	4	800	99	96	tâ 	153.375
1028	9	Si4b4	B4b4	310	310	1	8	400	99	96		153.5
1029	9	La4	A4	305	305	1	8	400	99	96		153.625
1030	9	Mi5	E5	336	336	1	8	400	99	96		153.75
1031	9	Re5	D5	327	327	1	8	400	99	96		153.875
1032	9	Do5#4	C5#4	322	322	1	8	400	95	96		154
1033	9	Do5#4	C5#4	322	322	1	8	400	99	96	ey 	154.125
1034	9	Si4b4	B4b4	310	310	1	4	800	99	96		154.375
1035	9	La4	A4	305	305	1	8	400	99	96		154.5
1036	9	Sol4#4	G4#4	300	300	1	8	400	99	96		154.625
1037	9	La4	A4	305	305	1	8	400	99	96		154.75
1038	8	Do5#4	C5#4	322	322	0	0	0	95	93		154.75
1039	9	Si4b4	B4b4	310	310	1	8	400	99	96		154.875
1040	9	Si4b4	B4b4	310	310	1	16	200	99	96		154.9375
1041	9	La4	A4	305	305	1	16	200	99	96		155
1042	9	La4	A4	305	305	3	4	2400	95	96		155.75
1043	9			-1	-1	1	4	800	100	0		156
1044	55			0	0	0	0	0	0	0		156
1045	53			0	0	0	0	0	0	0		156
1046	9	Mi5	E5	336	336	3	16	600	99	96	ah  	156.1875
1047	9	Re5	D5	327	327	1	16	200	99	96		156.25
1048	9	Do5#4	C5#4	322	322	1	8	400	99	96		156.375
1049	9	Re5	D5	327	327	1	8	400	99	96		156.5
1050	9	Do5#4	C5#4	322	322	1	8	400	99	96		156.625
1051	9	Re5	D5	327	327	1	8	400	99	96		156.75
1052	8	Fa5	F5	340	340	0	0	0	99	93		156.75
1053	9	Mi5	E5	336	336	1	8	400	99	96		156.875
1054	9	Mi5	E5	336	336	1	16	200	99	96		156.9375
1055	9	Re5	D5	327	327	1	16	200	99	96		157
1056	9	Re5	D5	327	327	3	8	1200	99	96		157.375
1057	9	Do5#4	C5#4	322	322	1	8	400	95	96		157.5
1058	9			-1	-1	1	8	400	100	0		157.625
1059	53			0	0	0	0	0	0	0		157.625
1060	54			0	0	0	0	0	0	0	nisabur@si4	157.625
1061	9	Si4	B4	314	314	1	4	800	95	96	Zülf_	157.875
1062	9	Do5#4	C5#4	322	322	1	8	400	95	96	i 	158
1063	9	Re5	D5	327	327	1	4	800	99	96	an	158.25
1064	9	Do5#4	C5#4	322	322	1	8	400	99	96		158.375
1065	9	Re5	D5	327	327	1	8	400	99	96		158.5
1066	9	Mi5	E5	336	336	1	8	400	99	96		158.625
1067	9	Sol5	G5	349	349	1	8	400	99	96		158.75
1068	9	Fa5	F5	340	340	1	8	400	99	96		158.875
1069	9	Mi5	E5	336	336	1	8	400	95	96		159
1070	9	Mi5	E5	336	336	3	16	600	99	96	ber 	159.1875
1071	9	Re5	D5	327	327	1	16	200	99	96		159.25
1072	9	Do5#4	C5#4	322	322	1	8	400	99	96		159.375
1073	9	Re5	D5	327	327	1	8	400	99	96		159.5
1074	9	Do5#4	C5#4	322	322	1	4	800	99	96		159.75
1075	9	Re5	D5	327	327	1	4	800	100	96		160
1076	9	Re5	D5	327	327	1	8	400	95	96		160.125
1077	9			-1	-1	1	8	400	100	0		160.25
1078	53			0	0	0	0	0	0	0		160.25
1079	9	Re5	D5	327	327	1	2	1600	99	96	bû 	160.75
1080	9	Mi5	E5	336	336	1	4	800	100	96		161
1081	9	Mi5	E5	336	336	1	2	1600	95	96		161.5
1082	53			0	0	0	0	0	0	0		161.5
1083	9	Mi5	E5	336	336	1	8	400	99	96	bû 	161.625
1084	9	Fa5	F5	340	340	1	8	400	99	96		161.75
1085	9	Mi5	E5	336	336	1	8	400	99	96		161.875
1086	9	Fa5	F5	340	340	1	8	400	99	96		162
1087	9	Mi5	E5	336	336	1	4	800	99	96		162.25
1088	9	Fa5	F5	340	340	1	8	400	99	96		162.375
1089	9	Mi5	E5	336	336	1	8	400	99	96		162.5
1090	9	Re5	D5	327	327	1	8	400	99	96		162.625
1091	9	Do5#4	C5#4	322	322	1	8	400	99	96		162.75
1092	9	Re5	D5	327	327	1	4	800	100	96		163
1093	9	Re5	D5	327	327	1	8	400	95	96		163.125
1094	9			-1	-1	1	8	400	100	0		163.25
1095	53			0	0	0	0	0	0	0		163.25
1096	9	Do5#4	C5#4	322	322	1	8	400	99	96	bû	163.375
1097	9	Re5	D5	327	327	1	8	400	99	96		163.5
1098	9	Mi5	E5	336	336	1	8	400	99	96		163.625
1099	9	Fa5	F5	340	340	1	8	400	99	96		163.75
1100	9	Mi5	E5	336	336	1	8	400	95	96		163.875
1101	9	Re5	D5	327	327	1	8	400	95	96	la	164
1102	9	Mi5	E5	336	336	3	16	600	99	96	ra 	164.1875
1103	9	Re5	D5	327	327	1	16	200	99	96		164.25
1104	9	Do5#4	C5#4	322	322	1	8	400	99	96		164.375
1105	9	Re5	D5	327	327	1	8	400	99	96		164.5
1106	9	Do5#4	C5#4	322	322	1	8	400	99	96		164.625
1107	9	Re5	D5	327	327	1	8	400	99	96		164.75
1108	8	Fa5	F5	340	340	0	0	0	99	96		164.75
1109	10	Mi5	E5	336	336	1	8	400	99	96		164.875
1110	9	Mi5	E5	336	336	1	16	200	99	96		164.9375
1111	9	Re5	D5	327	327	1	16	200	99	96		165
1112	9	Re5	D5	327	327	3	4	2400	95	96		165.75
1113	9			-1	-1	1	4	800	100	0		166
1114	53			0	0	0	0	0	0	0		166
1115	9	Re5	D5	327	327	1	4	800	99	96	öm	166.25
1116	9	Mi5	E5	336	336	1	8	400	99	96		166.375
1117	9	Re5	D5	327	327	1	8	400	95	96		166.5
1118	9	Do5#4	C5#4	322	322	1	4	800	99	96	rüm 	166.75
1119	9	Re5	D5	327	327	1	8	400	99	96		166.875
1120	9	Do5#4	C5#4	322	322	1	8	400	95	96		167
1121	9	Si4b4	B4b4	310	310	1	4	800	99	96	câ	167.25
1122	9	Do5#4	C5#4	322	322	1	8	400	99	96		167.375
1123	9	Si4b4	B4b4	310	310	1	8	400	95	96		167.5
1124	9	La4	A4	305	305	3	8	1200	67	96	ným 	167.875
1125	53			0	0	0	0	0	0	0		167.875
1126	9	La4	A4	305	305	1	8	400	95	96	a	168
1127	9	La4	A4	305	305	1	8	400	99	96	man  	168.125
1128	9	Do5#4	C5#4	322	322	1	8	400	99	96		168.25
1129	9	Si4b4	B4b4	310	310	1	8	400	99	96		168.375
1130	9	La4	A4	305	305	1	8	400	99	96		168.5
1131	9	La4	A4	305	305	3	16	600	99	96		168.6875
1132	9	Sol4	G4	296	296	1	16	200	99	96		168.75
1133	9	Fa4#4	F4#4	291	291	1	8	400	99	96		168.875
1134	9	Sol4	G4	296	296	1	8	400	95	96		169
1135	9	La4	A4	305	305	1	8	400	99	96	Ah 	169.125
1136	9	Si4b4	B4b4	310	310	1	8	400	99	96		169.25
1137	9	La4	A4	305	305	1	8	400	99	96		169.375
1138	9	Sol4	G4	296	296	1	8	400	95	96		169.5
1139	9			-1	-1	1	8	400	100	0		169.625
1140	53			0	0	0	0	0	0	0		169.625
1141	54			0	0	0	0	0	0	0	segah@fa4#4	169.625
1142	9	La4	A4	305	305	1	4	800	95	96	ye 	169.875
1143	9	Si4	B4	314	314	1	8	400	95	96	le 	170
1144	9	La4	A4	305	305	1	4	800	99	96	lel 	170.25
1145	9	La4	A4	305	305	1	8	400	99	96		170.375
1146	9	Sol4	G4	296	296	1	8	400	95	96		170.5
1147	9	Fa4#4	F4#4	291	291	1	2	1600	95	96	li 	171
1148	55			0	0	0	0	0	0	0		171
1149	53			0	0	0	0	0	0	0		171
1150	9	Sol4	G4	296	296	1	4	800	95	96	te 	171.25
1151	9	Fa4#4	F4#4	291	291	1	8	400	95	96	re 	171.375
1152	9	Mi4	E4	283	283	1	8	400	95	96	li 	171.5
1153	9	Fa4#4	F4#4	291	291	1	8	400	99	96	yel 	171.625
1154	9	Sol4	G4	296	296	1	8	400	99	96		171.75
1155	9	Fa4#4	F4#4	291	291	1	8	400	95	96		171.875
1156	9	Sol4	G4	296	296	1	8	400	95	96	le 	172
1157	9	La4	A4	305	305	1	2	1600	95	96	lel  	172.5
1158	9			-1	-1	1	4	800	100	0		172.75
1159	53			0	0	0	0	0	0	0		172.75
1160	9	La4	A4	305	305	1	8	400	95	96	Le 	172.875
1161	9	La4	A4	305	305	1	8	400	95	96	le 	173
1162	9	Si4b4	B4b4	310	310	3	16	600	99	96	lel 	173.1875
1163	9	La4	A4	305	305	1	16	200	99	96		173.25
1164	9	Si4b4	B4b4	310	310	1	8	400	99	96		173.375
1165	9	Do5#4	C5#4	322	322	1	8	400	99	96		173.5
1166	9	Si4b4	B4b4	310	310	3	16	600	99	96		173.6875
1167	9	La4	A4	305	305	1	16	200	95	96		173.75
1168	9	Sol4	G4	296	296	1	8	400	95	96	le 	173.875
1169	9	Sol4	G4	296	296	1	8	400	95	96	le 	174
1170	54			0	0	0	0	0	0	0	nisabur@si4	174
1171	53			0	0	0	0	0	0	0		174
1172	9	Re5	D5	327	327	1	2	1600	99	96	lel 	174.5
1173	9	Re5	D5	327	327	1	8	400	99	96		174.625
1174	9	Do5#4	C5#4	322	322	1	8	400	95	96		174.75
1175	9	Si4	B4	314	314	1	8	400	95	96	le 	174.875
1176	9	Do5#4	C5#4	322	322	1	8	400	95	96	le 	175
1177	9	Re5	D5	327	327	1	2	1600	95	96	lel 	175.5
1178	9			-1	-1	1	4	800	100	0		175.75
1179	55			0	0	0	0	0	0	0		175.75
1180	53			0	0	0	0	0	0	0		175.75
1181	9	Do5#4	C5#4	322	322	1	8	400	95	96	le 	175.875
1182	9	Re5	D5	327	327	1	8	400	95	96	le 	176
1183	9	Mi5	E5	336	336	1	8	400	99	96	lel 	176.125
1184	9	Fa5	F5	340	340	1	8	400	99	96		176.25
1185	9	Mi5	E5	336	336	1	8	400	99	96		176.375
1186	9	Re5	D5	327	327	1	8	400	95	96		176.5
1187	9	Mi5	E5	336	336	1	8	400	99	96	lel 	176.625
1188	9	Sol5	G5	349	349	1	8	400	99	96		176.75
1189	9	Fa5	F5	340	340	1	8	400	99	96		176.875
1190	9	Mi5	E5	336	336	1	8	400	95	96		177
1191	9	Mi5	E5	336	336	3	16	600	99	96	li  	177.1875
1192	9	Re5	D5	327	327	1	16	200	99	96		177.25
1193	9	Do5#4	C5#4	322	322	1	8	400	99	96		177.375
1194	9	Re5	D5	327	327	1	8	400	95	96		177.5
1195	54			0	0	0	0	0	0	0	ussak@mi5	177.5
1196	9	Sol5	G5	349	349	3	16	600	99	96	Ah 	177.6875
1197	9	Fa5#4	F5#4	344	344	1	16	200	99	96		177.75
1198	9	Mi5	E5	336	336	1	4	800	100	96		178
1199	9	Mi5	E5	336	336	1	8	400	95	96		178.125
1200	9			-1	-1	1	8	400	100	0		178.25
1201	55			0	0	0	0	0	0	0		178.25
1202	53			0	0	0	0	0	0	0		178.25
1203	9	Do5#4	C5#4	322	322	1	8	400	95	96	be	178.375
1204	9	Re5	D5	327	327	1	8	400	95	96	li 	178.5
1205	9	Mi5	E5	336	336	1	8	400	99	96	yâ	178.625
1206	9	Fa5#4	F5#4	344	344	1	8	400	95	96		178.75
1207	9	Sol5	G5	349	349	1	4	800	95	96	rim 	179
1208	9	Fa5#4	F5#4	344	344	1	4	800	99	96	be	179.25
1209	9	Sol5	G5	349	349	1	8	400	95	96		179.375
1210	9	Fa5#4	F5#4	344	344	1	8	400	95	96	li 	179.5
1211	9	Fa5#4	F5#4	344	344	3	16	600	99	96	mî	179.6875
1212	9	Mi5	E5	336	336	1	16	200	95	96		179.75
1213	9	Re5	D5	327	327	1	8	400	95	96	rim_	179.875
1214	9	Mi5	E5	336	336	1	8	400	95	96	a	180
1215	9	Fa5	F5	340	340	1	2	1600	99	96	man  	180.5
1216	53			0	0	0	0	0	0	0		180.5
1217	9	Mi5	E5	336	336	1	8	400	99	96		180.625
1218	9	Re5	D5	327	327	1	8	400	99	96		180.75
1219	9	Do5#4	C5#4	322	322	1	8	400	99	96		180.875
1220	9	Fa5	F5	340	340	1	8	400	99	96		181
1221	9	Mi5	E5	336	336	1	8	400	99	96		181.125
1222	9	Re5	D5	327	327	1	8	400	99	96		181.25
1223	9	Do5#4	C5#4	322	322	1	8	400	99	96		181.375
1224	9	Si4b4	B4b4	310	310	1	8	400	99	96		181.5
1225	9	La4	A4	305	305	1	8	400	95	96		181.625
1226	53			0	0	0	0	0	0	0		181.625
1227	9	La4	A4	305	305	1	4	800	95	96	Zülf_	181.875
1228	9	Si4b4	B4b4	310	310	1	8	400	95	96	i 	182
1229	9	La4	A4	305	305	1	8	400	99	96	an	182.125
1230	9	Si4b4	B4b4	310	310	1	8	400	99	96		182.25
1231	9	La4	A4	305	305	1	8	400	99	96		182.375
1232	9	Si4b4	B4b4	310	310	1	8	400	99	96		182.5
1233	9	La4	A4	305	305	1	8	400	99	96		182.625
1234	9	Mi5	E5	336	336	1	8	400	99	96		182.75
1235	9	Re5	D5	327	327	1	8	400	99	96		182.875
1236	9	Do5#4	C5#4	322	322	1	8	400	95	96		183
1237	9	Do5#4	C5#4	322	322	1	8	400	99	96	ber 	183.125
1238	9	Si4b4	B4b4	310	310	1	4	800	99	96		183.375
1239	9	La4	A4	305	305	1	8	400	99	96		183.5
1240	9	La4	A4	305	305	1	4	800	99	96		183.75
1241	9	Re5	D5	327	327	1	4	800	100	96		184
1242	9	Re5	D5	327	327	1	4	800	95	96		184.25
1243	53			0	0	0	0	0	0	0		184.25
1244	9	Do5#4	C5#4	322	322	1	8	400	99	96	bû 	184.375
1245	9	Re5	D5	327	327	1	8	400	99	96		184.5
1246	9	Mi5	E5	336	336	3	16	600	99	96		184.6875
1247	9	Re5	D5	327	327	1	16	200	99	96		184.75
1248	9	Do5#4	C5#4	322	322	1	4	800	100	96		185
1249	9	Do5#4	C5#4	322	322	1	8	400	95	96		185.125
1250	9			-1	-1	1	8	400	100	0		185.25
1251	53			0	0	0	0	0	0	0		185.25
1252	9	Si4b4	B4b4	310	310	1	8	400	99	96	bû 	185.375
1253	9	Do5#4	C5#4	322	322	1	8	400	99	96		185.5
1254	9	Re5	D5	327	327	3	16	600	99	96		185.6875
1255	9	Do5#4	C5#4	322	322	1	16	200	99	96		185.75
1256	9	Si4b4	B4b4	310	310	1	4	800	99	96		186
1257	9	Do5#4	C5#4	322	322	3	16	600	99	96		186.1875
1258	9	Si4b4	B4b4	310	310	1	16	200	99	96		186.25
1259	9	La4	A4	305	305	1	4	800	95	96		186.5
1260	53			0	0	0	0	0	0	0		186.5
1261	9	La4	A4	305	305	1	8	400	99	96	bû	186.625
1262	9	Do5#4	C5#4	322	322	1	8	400	99	96		186.75
1263	9	Si4b4	B4b4	310	310	1	8	400	99	96		186.875
1264	9	La4	A4	305	305	1	8	400	99	96		187
1265	54			0	0	0	0	0	0	0	hicaz-zirgule@la4	187
1266	9	Si4b4	B4b4	310	310	3	16	600	99	96		187.1875
1267	9	La4	A4	305	305	1	16	200	99	96		187.25
1268	9	Sol4#4	G4#4	300	300	1	8	400	99	96		187.375
1269	9	La4	A4	305	305	1	8	400	99	96		187.5
1270	9	Sol4#4	G4#4	300	300	1	8	400	99	96		187.625
1271	9	La4	A4	305	305	1	8	400	99	96		187.75
1272	9	Sol4#4	G4#4	300	300	1	8	400	95	96		187.875
1273	9	Fa4	F4	287	287	1	8	400	95	96	la	188
1274	9	La4	A4	305	305	3	4	2400	99	96	ra 	188.75
1275	9	Do5#4	C5#4	322	322	1	4	800	95	96		189
1276	9			-1	-1	1	8	400	100	0		189.125
1277	53			0	0	0	0	0	0	0		189.125
1278	9	La4	A4	305	305	1	4	800	99	96	ra 	189.375
1279	9	Si4b4	B4b4	310	310	1	8	400	99	96		189.5
1280	9	La4	A4	305	305	1	8	400	99	96		189.625
1281	9	Mi5	E5	336	336	1	8	400	99	96		189.75
1282	9	Re5	D5	327	327	1	8	400	99	96		189.875
1283	9	Do5#4	C5#4	322	322	1	8	400	95	96		190
1284	9	Do5#4	C5#4	322	322	1	8	400	99	96	vay  	190.125
1285	9	Si4b4	B4b4	310	310	1	4	800	99	96		190.375
1286	9	La4	A4	305	305	1	8	400	99	96		190.5
1287	9	Sol4#4	G4#4	300	300	1	8	400	99	96		190.625
1288	9	La4	A4	305	305	1	8	400	99	96		190.75
1289	8	Do5#4	C5#4	322	322	0	0	0	95	93		190.75
1290	9	Si4b4	B4b4	310	310	1	8	400	99	96		190.875
1291	9	Si4b4	B4b4	310	310	1	16	200	99	96		190.9375
1292	9	La4	A4	305	305	1	16	200	99	96		191
1293	9	La4	A4	305	305	3	4	2400	95	96		191.75
1294	9			-1	-1	1	4	800	100	0		192
1295	55			0	0	0	0	0	0	0		192
1296	53			0	0	0	0	0	0	0		192
